1.95035 1.49655 -0.909462 6.67572e-006 -3.8147e-006 80
1.70212 1.70213 -0.793714 0.000122005 7.62939e-006 80
1.43933 1.87577 -0.671171 2.86102e-006 0 80
1.84118 1.68713 -0.982125 6.19888e-005 -7.62939e-006 80
1.56862 1.86942 -0.871723 0.000177383 3.8147e-006 80
1.28521 2.01737 -0.753552 5.62668e-005 1.52588e-005 80
1.71605 1.87274 -1.05063 0.000118256 -1.52588e-005 80
1.42094 2.02931 -0.946282 1.90735e-006 3.8147e-006 80
1.11895 2.14948 -0.833122 0.000108719 3.43323e-005 80
1.57478 2.0523 -1.11445 0.000177383 -4.57764e-005 80
1.25909 2.18081 -1.01693 6.21929e-005 1.14441e-005 80
0.94077 2.27123 -0.909463 0.000157356 5.34058e-005 80
1.41721 2.22458 -1.17303 4.76837e-006 3.8147e-006 80
1.08316 2.32284 -1.08316 0.000113691 7.62939e-006 80
0.750943 2.38169 -0.982125 -6.67572e-006 3.8147e-006 80
1.24326 2.38828 -1.22577 5.34058e-005 -1.52588e-005 80
0.89327 2.45425 -1.14443 0.000167863 0 80
0.549773 2.47987 -1.05063 4.00543e-005 1.90735e-005 80
1.05291 2.54196 -1.27202 0.000106812 -3.8147e-006 80
0.689643 2.57378 -1.20017 -9.91157e-006 0 80
0.337651 2.56473 -1.11445 0.000100136 3.8147e-005 80
0.846277 2.68406 -1.31109 0.000165939 -4.19617e-005 80
0.472573 2.6801 -1.24975 5.03573e-005 1.90735e-005 80
0.11505 2.63515 -1.17303 0.000169754 4.57764e-005 80
-0.609128 -2.7476 1.31109 -5.72205e-006 3.8147e-006 80
0.242496 2.77177 -1.2925 0.000111018 3.8147e-006 80
-0.117445 2.68994 -1.22577 -1.23978e-005 0 80
-0.359128 -2.72786 1.27202 4.3869e-005 -1.14441e-005 80
4.13206e-006 -2.84725 1.3277 0.000158533 2.67029e-005 80
-0.35913 2.72786 -1.27202 4.1008e-005 1.52588e-005 80
-0.117443 -2.68994 1.22577 9.91821e-005 -2.28882e-005 80
0.242503 -2.77177 1.2925 0.000217438 1.14441e-005 80
-0.60913 2.7476 -1.31109 9.25064e-005 2.28882e-005 80
0.115057 -2.63515 1.17303 0.000152588 -4.19617e-005 80
0.472575 -2.6801 1.24975 4.19617e-005 1.90735e-005 80
0.846283 -2.68406 1.31109 0.000148773 4.57764e-005 80
0.337653 -2.56473 1.11445 -2.00272e-005 -1.14441e-005 80
0.689644 -2.57378 1.20017 9.42263e-005 1.14441e-005 80
1.05292 -2.54196 1.27202 0.000200272 6.48499e-005 80
0.549774 -2.47987 1.05063 3.05176e-005 0 80
0.893275 -2.45424 1.14443 0.000156386 0 80
1.24326 -2.38828 1.22577 3.43323e-005 7.62939e-006 80
0.750944 -2.38168 0.982124 8.96454e-005 -1.90735e-005 80
1.08316 -2.32284 1.08316 -2.24967e-005 7.62939e-006 80
1.41721 -2.22458 1.17303 8.39233e-005 3.05176e-005 80
0.940776 -2.27123 0.909461 0.000160217 -2.67029e-005 80
1.25909 -2.18081 1.01693 3.77555e-005 1.14441e-005 80
1.57478 -2.05229 1.11445 0.000146866 4.95911e-005 80
1.11895 -2.14948 0.833121 -2.28882e-005 7.62939e-006 80
1.42094 -2.02931 0.946282 9.34601e-005 7.62939e-006 80
1.71606 -1.87274 1.05063 0.000199318 5.72205e-005 80
1.28521 -2.01737 0.753552 3.62396e-005 -1.14441e-005 80
1.56863 -1.86941 0.871722 0.000153746 1.14441e-005 80
1.84118 -1.68713 0.982125 2.67029e-005 1.90735e-005 80
1.43933 -1.87577 0.67117 8.01086e-005 -1.52588e-005 80
1.70213 -1.70212 0.793712 0.00019506 7.62939e-006 80
1.95035 -1.49655 0.909461 7.24792e-005 2.67029e-005 80
1.58113 -1.72549 0.586369 0.000135422 -3.05176e-005 80
1.82143 -1.52836 0.712687 1.85029e-005 1.52588e-005 80
2.04378 -1.30203 0.833121 0.000127792 3.43323e-005 80
1.71043 -1.56731 0.499516 0.000177383 -5.34058e-005 80
1.92657 -1.349 0.629049 7.82013e-005 7.62939e-006 80
2.12171 -1.10449 0.753551 0.000188828 5.34058e-005 80
1.82707 -1.40196 0.410961 2.09808e-005 0 80
2.01758 -1.16485 0.543177 0.000134655 1.14441e-005 80
2.18438 -0.904801 0.671171 1.14441e-005 1.52588e-005 80
1.93093 -1.23014 0.321034 8.29697e-005 -2.67029e-005 80
2.09449 -0.976677 0.455432 -3.93047e-005 3.8147e-006 80
2.23204 -0.703759 0.58637 8.2016e-005 1.14441e-005 80
2.02185 -1.05251 0.230053 0.000118256 -1.90735e-005 80
2.15735 -0.785209 0.366149 3.8147e-006 3.8147e-006 80
2.26493 -0.50212 0.499517 0.000119209 4.19617e-005 80
2.0997 -0.869719 0.138327 0.000171661 -3.43323e-005 80
2.20619 -0.591146 0.275656 6.33173e-005 1.14441e-005 80
2.28327 -0.300595 0.41096 0.000173569 6.10352e-005 80
2.16431 -0.682406 0.046159 5.72205e-006 1.90735e-005 80
2.24105 -0.395156 0.184264 0.000115957 7.62939e-006 80
2.2873 -0.0998662 0.321035 -3.8147e-006 7.62939e-006 80
2.21555 -0.491175 -0.0461597 6.38962e-005 -1.52588e-005 80
2.26196 -0.197892 0.0922788 0.000180432 1.14441e-005 80
2.27723 0.0994272 0.230053 6.19888e-005 1.90735e-005 80
2.25325 -0.296644 -0.138329 0.00012207 -1.14441e-005 80
2.26893 0 0 5.11559e-006 2.67029e-005 80
2.25325 0.296648 0.138327 0.000112534 4.19617e-005 80
2.27723 -0.0994268 -0.230054 -4.86374e-005 1.90735e-005 80
2.26196 0.197897 -0.0922807 6.29425e-005 3.8147e-006 80
2.21555 0.491176 0.0461588 -5.43594e-005 -3.8147e-006 80
2.2873 0.0998663 -0.321035 8.58307e-006 1.14441e-005 80
2.24105 0.39516 -0.184266 0.00012207 2.67029e-005 80
2.16431 0.682406 -0.046159 1.90735e-006 3.8147e-006 80
2.28327 0.3006 -0.410962 5.91278e-005 7.62939e-006 80
2.20619 0.591146 -0.275656 -5.22647e-005 3.8147e-006 80
2.09969 0.869723 -0.138329 6.10352e-005 2.67029e-005 80
2.26493 0.50212 -0.499517 -0.000102997 2.28882e-005 80
2.15735 0.78521 -0.36615 2.67361e-006 7.62939e-006 80
2.02185 1.05251 -0.230055 0.000121117 2.67029e-005 80
2.23204 0.70376 -0.58637 -4.673e-005 1.90735e-005 80
2.09449 0.976677 -0.455432 6.86646e-005 7.62939e-006 80
1.93093 1.23014 -0.321034 -4.95911e-005 -3.8147e-006 80
2.18438 0.904801 -0.671171 2.86102e-006 -3.8147e-006 80
2.01758 1.16485 -0.543179 0.000119788 3.8147e-006 80
1.82707 1.40196 -0.410962 3.8147e-006 0 80
2.12171 1.10449 -0.753552 6.77109e-005 -1.14441e-005 80
1.92657 1.349 -0.629049 -5.4172e-005 3.8147e-006 80
1.71042 1.56731 -0.499518 5.72205e-005 1.90735e-005 80
2.04378 1.30203 -0.833121 -0.000108719 4.57764e-005 80
1.82143 1.52836 -0.712688 3.04843e-006 7.62939e-006 80
1.58112 1.7255 -0.586371 0.000115395 4.95911e-005 80
2.07482 1.59207 -0.755175 -9.53674e-007 -3.8147e-006 80
1.81679 1.81679 -0.661259 3.96304e-005 3.8147e-006 80
1.54056 2.00769 -0.560717 7.05719e-005 2.67029e-005 80
1.95372 1.79026 -0.813444 4.95911e-005 0 80
1.67069 1.99106 -0.724687 8.67034e-005 1.14441e-005 80
1.37314 2.1554 -0.628416 -6.96182e-005 -7.62939e-006 80
1.81585 1.98166 -0.867747 9.25064e-005 -1.52588e-005 80
1.50976 2.15616 -0.784777 -6.48499e-005 7.62939e-006 80
1.19308 2.29189 -0.693364 -3.14713e-005 -3.8147e-006 80
1.66126 2.16499 -0.917638 -5.34058e-005 1.14441e-005 80
1.33423 2.31095 -0.841119 -1.52588e-005 3.8147e-006 80
1.00082 2.41618 -0.755174 2.19345e-005 2.28882e-005 80
1.49004 2.3389 -0.962648 -6.67572e-006 7.62939e-006 80
1.14443 2.45425 -0.893273 2.86912e-005 3.8147e-006 80
0.796844 2.52727 -0.813444 6.67572e-005 2.67029e-005 80
1.30242 2.50192 -1.00229 5.34058e-005 0 80
0.940781 2.58478 -0.940784 8.28482e-005 1.14441e-005 80
0.58175 2.62409 -0.867746 -7.43866e-005 -1.14441e-005 80
1.09871 2.65252 -1.03604 8.2016e-005 -1.90735e-005 80
0.723796 2.70124 -0.98317 -8.16922e-005 1.52588e-005 80
0.356196 2.70557 -0.917637 -3.33786e-005 -2.28882e-005 80
0.879391 2.78907 -1.06339 -5.53131e-005 3.43323e-005 80
0.494112 2.80224 -1.01993 -2.28882e-005 3.8147e-006 80
0.120965 2.77057 -0.962648 1.23978e-005 1.14441e-005 80
-0.63296 -2.8551 1.06339 -1.14441e-005 3.8147e-006 80
0.252524 2.88636 -1.05055 2.67029e-005 0 80
-0.123035 2.81793 -1.00229 6.10352e-005 2.28882e-005 80
-0.374748 -2.8465 1.03604 3.05176e-005 -3.8147e-006 80
2.15964e-006 -2.95213 1.07449 6.84545e-005 7.62939e-006 80
-0.374747 2.8465 -1.03604 -8.67844e-005 -1.90735e-005 80
-0.123031 -2.81793 1.00229 7.9155e-005 -1.52588e-005 80
0.252522 -2.88636 1.05055 -7.86984e-005 0 80
-0.632958 2.8551 -1.06339 -3.8147e-005 -1.14441e-005 80
0.120964 -2.77057 0.962648 -6.58035e-005 1.90735e-005 80
0.49411 -2.80224 1.01993 -3.05176e-005 7.62939e-006 80
0.879389 -2.78907 1.06339 1.90735e-006 1.52588e-005 80
0.356194 -2.70557 0.917638 -2.47955e-005 1.14441e-005 80
0.723794 -2.70124 0.98317 1.06119e-005 7.62939e-006 80
1.09871 -2.65252 1.03604 4.3869e-005 3.05176e-005 80
0.581748 -2.6241 0.867747 2.09808e-005 3.8147e-006 80
0.940785 -2.58478 0.940783 6.10352e-005 1.52588e-005 80
1.30242 -2.50192 1.00229 7.9155e-005 4.19617e-005 80
0.796847 -2.52727 0.813443 7.34329e-005 -7.62939e-006 80
1.14444 -2.45424 0.893272 0.000112534 3.8147e-006 80
1.49004 -2.3389 0.962648 -4.19617e-005 3.8147e-006 80
1.00081 -2.41618 0.755175 -6.96182e-005 3.43323e-005 80
1.33423 -2.31095 0.841118 -3.82279e-005 0 80
1.66126 -2.16499 0.917638 1.90735e-006 1.52588e-005 80
1.19308 -2.29189 0.693364 -1.62125e-005 2.67029e-005 80
1.50976 -2.15616 0.784778 1.43456e-005 1.52588e-005 80
1.81586 -1.98166 0.867747 4.95911e-005 1.90735e-005 80
1.37314 -2.1554 0.628417 2.57492e-005 0 80
1.6707 -1.99106 0.724686 6.29425e-005 3.8147e-006 80
1.95372 -1.79026 0.813444 -8.7738e-005 -1.90735e-005 80
1.54056 -2.00769 0.560717 6.10352e-005 3.8147e-006 80
1.81679 -1.81679 0.661259 -9.70582e-005 7.62939e-006 80
2.07482 -1.59207 0.755175 -5.81741e-005 0 80
1.69495 -1.84971 0.490632 -8.2016e-005 2.67029e-005 80
1.94785 -1.63444 0.594888 -4.72271e-005 1.52588e-005 80
2.17918 -1.38829 0.693364 -7.62939e-006 3.8147e-006 80
1.83597 -1.68236 0.41851 -3.52859e-005 1.52588e-005 80
2.06372 -1.44504 0.525951 1.90735e-006 7.62939e-006 80
2.26687 -1.18006 0.628417 2.95639e-005 1.14441e-005 80
1.96332 -1.50651 0.344691 6.67572e-006 0 80
2.16431 -1.24956 0.454804 4.95911e-005 0 80
2.33801 -0.968433 0.560717 8.01086e-005 3.43323e-005 80
2.07672 -1.32302 0.269498 5.91278e-005 -1.14441e-005 80
2.24952 -1.04896 0.381792 9.82689e-005 1.52588e-005 80
2.39272 -0.754424 0.490632 -5.43594e-005 -1.14441e-005 80
2.17592 -1.13271 0.193247 9.05991e-005 -2.67029e-005 80
2.31929 -0.844154 0.307248 -6.20293e-005 1.14441e-005 80
2.43118 -0.538979 0.418511 -1.90735e-005 3.8147e-006 80
2.26066 -0.936399 0.116248 -4.3869e-005 1.52588e-005 80
2.3736 -0.636004 0.231487 -6.63524e-006 -3.8147e-006 80
2.45354 -0.323014 0.344691 2.76566e-005 7.62939e-006 80
2.33074 -0.734878 0.0387986 9.53674e-007 7.62939e-006 80
2.41241 -0.425371 0.154823 3.44942e-005 3.8147e-006 80
2.46 -0.107404 0.269498 7.05719e-005 3.05176e-005 80
2.38592 -0.528944 -0.0387997 4.86374e-005 -3.8147e-006 80
2.4357 -0.213094 0.0775598 8.67844e-005 7.62939e-006 80
2.45075 0.107 0.193249 -6.77109e-005 -3.8147e-006 80
2.42599 -0.319386 -0.116249 9.44138e-005 -1.90735e-005 80
2.44346 -1.41754e-006 5.1594e-007 -6.02776e-005 7.62939e-006 80
2.42599 0.319387 0.116248 -1.90735e-005 0 80
2.45075 -0.106999 -0.19325 0.000143051 -4.57764e-005 80
2.4357 0.213096 -0.0775606 -1.02621e-005 7.62939e-006 80
2.38592 0.52895 0.0387971 0.000212669 6.86646e-005 80
2.46 0.107411 -0.269501 0.000188828 -4.19617e-005 80
2.4124 0.425378 -0.154825 0.000232616 3.8147e-006 80
2.33074 0.73488 -0.0387993 6.86646e-005 3.43323e-005 80
2.45354 0.323016 -0.344692 4.29153e-005 -1.90735e-005 80
2.3736 0.636005 -0.231487 9.13099e-005 7.62939e-006 80
2.26066 0.9364 -0.116248 0.000115395 3.43323e-005 80
2.43117 0.538981 -0.418512 9.44138e-005 -1.52588e-005 80
2.31929 0.844156 -0.307248 0.000138242 1.14441e-005 80
2.17591 1.13271 -0.19325 0.000171661 5.72205e-005 80
2.39272 0.754426 -0.490632 0.000143051 -3.05176e-005 80
2.24951 1.04897 -0.381794 0.00018966 0 80
2.07672 1.32302 -0.269501 0.000216484 6.10352e-005 80
2.33801 0.968439 -0.560719 0.000188828 -4.95911e-005 80
2.1643 1.24957 -0.454806 0.000225899 1.52588e-005 80
1.96332 1.50651 -0.344692 7.34329e-005 3.8147e-005 80
2.26687 1.18006 -0.628417 4.76837e-005 3.8147e-006 80
2.06372 1.44504 -0.52595 8.40043e-005 1.14441e-005 80
1.83597 1.68236 -0.418511 0.000114441 3.05176e-005 80
2.17918 1.38829 -0.693365 9.53674e-005 -1.14441e-005 80
1.94785 1.63444 -0.594889 0.000135422 3.8147e-006 80
1.69494 1.84971 -0.490632 0.000165939 5.34058e-005 80
2.19236 1.68226 -0.587442 0.000114441 -1.90735e-005 80
1.92687 1.92688 -0.516306 0.000131768 3.8147e-006 80
1.63902 2.13603 -0.439177 0.00014019 4.57764e-005 80
2.05859 1.88635 -0.630989 0.000150681 -2.67029e-005 80
1.76765 2.10661 -0.564464 0.000168324 1.14441e-005 80
1.45796 2.28854 -0.491207 2.57492e-005 1.52588e-005 80
1.90743 2.0816 -0.671038 0.000185013 -3.8147e-005 80
1.59309 2.27517 -0.60963 5.24521e-005 1.14441e-005 80
1.26388 2.4279 -0.540737 6.10352e-005 3.05176e-005 80
1.73919 2.26656 -0.707243 7.62939e-005 -7.62939e-006 80
1.40372 2.43132 -0.651472 8.56733e-005 3.8147e-006 80
1.05751 2.55306 -0.587441 0.000100136 3.8147e-005 80
1.55431 2.43978 -0.739253 0.00011158 -1.90735e-005 80
1.20017 2.57378 -0.689643 0.00013145 3.8147e-006 80
0.839611 2.66293 -0.630988 0.000130653 5.34058e-005 80
1.35332 2.59972 -0.76671 0.00014782 -2.28882e-005 80
0.983165 2.70124 -0.723795 0.000164189 1.52588e-005 80
0.611084 2.75643 -0.671037 2.09808e-005 2.28882e-005 80
1.13693 2.74482 -0.789258 0.000177383 -3.8147e-005 80
0.753571 2.81237 -0.753573 4.59338e-005 7.62939e-006 80
0.372903 2.8325 -0.707243 5.81741e-005 2.67029e-005 80
0.906003 2.87348 -0.806544 7.05719e-005 -3.8147e-006 80
0.512376 2.90585 -0.77862 8.4877e-005 7.62939e-006 80
0.126179 2.89006 -0.739253 9.63211e-005 4.19617e-005 80
-0.652114 -2.94151 0.806543 0.000104904 -1.90735e-005 80
0.260741 2.98034 -0.79858 0.00012064 1.14441e-005 80
-0.127849 2.92808 -0.76671 0.000130653 4.57764e-005 80
-0.387784 -2.94555 0.789257 0.000137329 -2.67029e-005 80
6.17945e-006 -3.03454 0.813104 0.000155609 7.62939e-006 80
-0.387796 2.94555 -0.789258 0.000164986 4.57764e-005 80
-0.127837 -2.92808 0.766709 0.000174522 -3.8147e-005 80
0.260748 -2.98034 0.79858 4.09293e-005 1.52588e-005 80
-0.652119 2.94151 -0.806543 5.34058e-005 2.28882e-005 80
0.126185 -2.89006 0.739252 6.10352e-005 3.8147e-006 80
0.512382 -2.90585 0.778619 7.96712e-005 3.8147e-006 80
0.906009 -2.87348 0.806543 8.96454e-005 4.19617e-005 80
0.372908 -2.83249 0.707242 9.63211e-005 -1.52588e-005 80
0.753576 -2.81237 0.753571 0.000113251 -3.8147e-006 80
1.13694 -2.74481 0.789257 0.000125885 4.57764e-005 80
0.61109 -2.75643 0.671036 0.000134468 -1.90735e-005 80
0.983174 -2.70123 0.723794 0.000150681 1.52588e-005 80
1.35333 -2.59971 0.766709 0.000162125 5.72205e-005 80
0.839621 -2.66292 0.630986 0.000166893 -3.8147e-005 80
1.20018 -2.57378 0.689642 0.000188828 7.62939e-006 80
1.55431 -2.43977 0.739252 4.76837e-005 2.28882e-005 80
1.05751 -2.55305 0.58744 6.00815e-005 -7.62939e-006 80
1.40373 -2.43132 0.65147 7.93911e-005 3.8147e-006 80
1.7392 -2.26656 0.707243 8.39233e-005 3.8147e-005 80
1.26389 -2.4279 0.540736 9.53674e-005 -1.14441e-005 80
1.59309 -2.27517 0.60963 0.00011452 1.14441e-005 80
1.90743 -2.08159 0.671037 0.000121117 4.19617e-005 80
1.45796 -2.28853 0.491206 0.000133514 -1.90735e-005 80
1.76765 -2.1066 0.564461 0.000151157 1.14441e-005 80
2.05859 -1.88635 0.630988 9.53674e-006 1.90735e-005 80
1.63903 -2.13602 0.439175 0.000161171 -3.43323e-005 80
1.92687 -1.92687 0.516304 2.68634e-005 3.8147e-006 80
2.19236 -1.68225 0.587441 3.91006e-005 2.28882e-005 80
1.80647 -1.97141 0.384959 5.05447e-005 3.8147e-006 80
2.07033 -1.73721 0.465484 6.48105e-005 1.14441e-005 80
2.30851 -1.47068 0.540736 7.62939e-005 3.05176e-005 80
1.95972 -1.79575 0.328866 8.58307e-005 -7.62939e-006 80
2.19764 -1.5388 0.412321 0.000102997 1.14441e-005 80
2.4069 -1.25295 0.491206 0.000110626 4.57764e-005 80
2.09827 -1.61006 0.271197 0.000123978 -2.28882e-005 80
2.30852 -1.33282 0.357128 0.000138047 3.8147e-006 80
2.48745 -1.03033 0.439175 0.000148773 4.57764e-005 80
2.22168 -1.41536 0.212248 0.000163078 -3.8147e-005 80
2.40271 -1.1204 0.300209 0.000180008 1.52588e-005 80
2.55015 -0.804058 0.38496 3.91006e-005 1.90735e-005 80
2.32954 -1.21267 0.152308 0.000190735 -3.43323e-005 80
2.48002 -0.902653 0.241865 5.84103e-005 7.62939e-006 80
2.59504 -0.575303 0.328866 7.05719e-005 2.28882e-005 80
2.42147 -1.003 0.091666 7.62939e-005 -1.52588e-005 80
2.5403 -0.680669 0.182385 9.05203e-005 -3.8147e-006 80
2.62218 -0.345213 0.271198 0.000102997 4.19617e-005 80
2.49714 -0.787342 0.0306012 0.000118256 -1.14441e-005 80
2.58344 -0.455525 0.122058 0.000132482 1.14441e-005 80
2.63171 -0.114898 0.212248 0.000143051 4.95911e-005 80
2.55626 -0.566705 -0.030604 0.000149727 -3.43323e-005 80
2.60935 -0.228283 0.0611683 0.000170192 1.14441e-005 80
2.62377 0.114563 0.152309 0.00017643 6.10352e-005 80
2.59855 -0.342105 -0.0916676 4.1008e-005 0 80
2.61799 1.83098e-006 -4.90608e-007 5.54736e-005 7.62939e-006 80
2.59855 0.342109 0.0916667 6.67572e-005 2.67029e-005 80
2.62377 -0.114554 -0.152311 7.82013e-005 -7.62939e-006 80
2.60935 0.228292 -0.0611705 9.45318e-005 7.62939e-006 80
2.55626 0.566713 0.0306018 0.000102043 3.43323e-005 80
2.63171 0.114906 -0.21225 0.000113487 -1.52588e-005 80
2.58344 0.455534 -0.12206 0.000130811 1.14441e-005 80
2.49714 0.787345 -0.030602 -8.58307e-006 1.14441e-005 80
2.62218 0.345216 -0.271198 6.67572e-006 1.14441e-005 80
2.5403 0.680672 -0.182386 1.70087e-005 7.62939e-006 80
2.42146 1.003 -0.0916666 2.57492e-005 1.52588e-005 80
2.59504 0.575307 -0.328867 4.00543e-005 -3.8147e-006 80
2.48002 0.902656 -0.241866 5.32483e-005 1.14441e-005 80
2.32953 1.21268 -0.15231 5.72205e-005 2.67029e-005 80
2.55015 0.804062 -0.384961 7.62939e-005 -7.62939e-006 80
2.40271 1.1204 -0.300212 9.55248e-005 7.62939e-006 80
2.22168 1.41537 -0.21225 0.000107765 3.8147e-005 80
2.48745 1.03034 -0.439177 0.000109673 -1.52588e-005 80
2.30852 1.33283 -0.35713 0.000127478 1.14441e-005 80
2.09827 1.61006 -0.271198 0 7.62939e-006 80
2.4069 1.25295 -0.491207 9.53674e-007 7.62939e-006 80
2.19764 1.53881 -0.412322 1.6055e-005 7.62939e-006 80
1.95971 1.79575 -0.328866 2.86102e-005 1.90735e-005 80
2.30851 1.47068 -0.540737 4.3869e-005 -3.8147e-006 80
2.07033 1.73721 -0.465484 5.53525e-005 1.52588e-005 80
1.80646 1.97141 -0.38496 6.48499e-005 3.05176e-005 80
2.30193 1.76634 -0.405893 6.4373e-005 -1.14441e-005 80
2.03162 2.03163 -0.35823 5.57773e-005 9.53674e-006 80
1.73425 2.26012 -0.305796 4.29153e-005 1.71661e-005 80
2.15475 1.97447 -0.434625 8.91685e-005 -1.71661e-005 80
1.8587 2.21512 -0.390585 8.01086e-005 5.72205e-006 80
1.53913 2.41597 -0.341243 6.38962e-005 2.86102e-005 80
1.98978 2.17147 -0.460649 1.28746e-005 1.90735e-006 80
1.67016 2.38524 -0.420583 3.98122e-006 5.72205e-006 80
1.33084 2.55651 -0.374687 -6.19888e-006 3.8147e-006 80
1.80768 2.35582 -0.483738 3.48091e-005 -5.72205e-006 80
1.46686 2.54067 -0.447989 2.60823e-005 3.8147e-006 80
1.11036 2.68066 -0.405893 2.14577e-005 3.8147e-006 80
1.60924 2.52601 -0.503667 6.05583e-005 -1.14441e-005 80
1.24975 2.6801 -0.472574 5.34058e-005 1.33514e-005 80
0.878834 2.78731 -0.434625 4.1008e-005 1.52588e-005 80
1.39538 2.68051 -0.520222 -1.52588e-005 7.62939e-006 80
1.01993 2.80224 -0.494111 7.83678e-005 9.53674e-006 80
0.637465 2.87544 -0.460649 6.77109e-005 2.47955e-005 80
1.16718 2.81783 -0.533197 8.58307e-006 5.72205e-006 80
0.778619 2.90585 -0.512379 -2.86102e-006 7.62939e-006 80
0.387585 2.94404 -0.483738 8.82149e-005 3.05176e-005 80
0.925882 2.93653 -0.5424 3.33786e-005 -3.8147e-006 80
0.527168 2.98972 -0.527169 1.93005e-005 9.53674e-006 80
0.130642 2.99221 -0.503667 1.19209e-005 7.62939e-006 80
-0.666422 -3.00605 0.5424 5.62668e-005 -1.90735e-005 80
0.267077 3.05275 -0.538281 5.00679e-005 3.8147e-006 80
-0.131818 3.01908 -0.520221 3.76701e-005 1.52588e-005 80
-0.3981 -3.02391 0.533196 8.05855e-005 -1.52588e-005 80
4.20696e-006 -3.09386 0.545531 7.2086e-005 1.14441e-005 80
-0.398109 3.02391 -0.533197 5.8651e-005 2.67029e-005 80
-0.131816 -3.01908 0.520221 4.76837e-006 9.53674e-006 80
0.267086 -3.05274 0.538281 9.87886e-005 5.72205e-006 80
-0.66643 3.00605 -0.5424 8.29697e-005 2.67029e-005 80
0.130644 -2.99221 0.503667 3.05176e-005 -3.8147e-006 80
0.52717 -2.98972 0.527169 2.00272e-005 7.62939e-006 80
0.925884 -2.93653 0.5424 8.10623e-006 5.72205e-006 80
0.387593 -2.94404 0.483737 5.19753e-005 -3.8147e-006 80
0.778621 -2.90585 0.512379 4.34754e-005 9.53674e-006 80
1.16719 -2.81783 0.533197 2.86102e-005 1.52588e-005 80
0.637473 -2.87544 0.460648 7.62939e-005 -1.14441e-005 80
1.01994 -2.80224 0.49411 6.45168e-005 1.14441e-005 80
1.39539 -2.68051 0.520221 5.38826e-005 2.09808e-005 80
0.878836 -2.78731 0.434624 3.8147e-006 9.53674e-006 80
1.24975 -2.6801 0.472575 -1.09445e-005 1.33514e-005 80
1.60925 -2.526 0.503666 8.15392e-005 2.86102e-005 80
1.11037 -2.68066 0.405893 2.57492e-005 1.90735e-006 80
1.46686 -2.54067 0.447989 1.71661e-005 5.72205e-006 80
1.80768 -2.35582 0.483737 4.29153e-006 9.53674e-006 80
1.33084 -2.55651 0.374687 5.00679e-005 -1.33514e-005 80
1.67017 -2.38524 0.420582 4.16286e-005 5.72205e-006 80
1.98978 -2.17147 0.460648 3.14713e-005 2.47955e-005 80
1.53914 -2.41596 0.341242 7.62939e-005 -5.72205e-006 80
1.85871 -2.21511 0.390584 6.86948e-005 0 80
2.15475 -1.97446 0.434624 5.57899e-005 2.09808e-005 80
1.73425 -2.26012 0.305795 -4.76837e-006 9.53674e-006 80
2.03163 -2.03162 0.358229 8.83948e-005 7.62939e-006 80
2.30194 -1.76633 0.405892 7.39098e-005 2.86102e-005 80
1.91525 -2.09013 0.268583 2.0504e-005 0 80
2.18818 -1.8361 0.323754 1.2254e-005 7.62939e-006 80
2.4308 -1.54859 0.374687 4.76837e-007 7.62939e-006 80
2.08131 -1.90717 0.229842 4.57764e-005 -1.90735e-006 80
2.32774 -1.6299 0.287395 3.98273e-005 5.72205e-006 80
2.54091 -1.32271 0.341242 2.3365e-005 1.33514e-005 80
2.23166 -1.71241 0.18981 6.86646e-005 -1.33514e-005 80
2.44973 -1.41435 0.249388 6.53494e-005 3.8147e-006 80
2.63197 -1.09019 0.305795 4.91142e-005 1.14441e-005 80
2.36563 -1.50707 0.148722 9.67979e-005 -2.09808e-005 80
2.55371 -1.19082 0.209973 -1.30184e-005 9.53674e-006 80
2.70373 -0.852477 0.268582 7.62939e-005 1.90735e-005 80
2.48261 -1.29236 0.106815 1.14441e-005 -7.62939e-006 80
2.63929 -0.960622 0.169383 5.32847e-006 7.62939e-006 80
2.75605 -0.611001 0.229842 -3.8147e-006 5.72205e-006 80
2.58206 -1.06952 0.0643231 3.95775e-005 -5.72205e-006 80
2.70616 -0.725111 0.127857 2.95639e-005 5.72205e-006 80
2.78888 -0.367162 0.18981 1.85966e-005 1.14441e-005 80
2.66352 -0.839802 0.0214795 6.38962e-005 -1.52588e-005 80
2.75409 -0.485617 0.0856273 5.43594e-005 5.72205e-006 80
2.80223 -0.122345 0.148722 4.3869e-005 2.28882e-005 80
2.72658 -0.604469 -0.0214799 -1.38283e-005 3.8147e-006 80
2.78291 -0.243469 0.0429301 8.15392e-005 7.62939e-006 80
2.79618 0.122088 0.106815 6.91414e-005 1.71661e-005 80
2.77089 -0.364795 -0.0643234 1.43051e-005 7.62939e-006 80
2.79253 1.93779e-007 -1.06235e-009 3.58912e-006 7.62939e-006 80
2.77089 0.364795 0.0643232 -6.67572e-006 9.53674e-006 80
2.79618 -0.122082 -0.106816 4.00543e-005 -1.90735e-006 80
2.78291 0.243474 -0.042931 2.97039e-005 5.72205e-006 80
2.72658 0.604469 0.0214799 1.66893e-005 1.33514e-005 80
2.80223 0.122346 -0.148722 -3.62396e-005 9.53674e-006 80
2.75409 0.485623 -0.0856279 5.53131e-005 3.8147e-006 80
2.66352 0.839807 -0.0214801 4.24385e-005 1.71661e-005 80
2.78888 0.367162 -0.18981 -9.53674e-006 9.53674e-006 80
2.70616 0.725112 -0.127857 -2.23281e-005 7.62939e-006 80
2.58206 1.06952 -0.0643231 -3.19481e-005 0 80
2.75605 0.611002 -0.229842 1.33514e-005 0 80
2.63929 0.960623 -0.169383 4.9349e-006 9.53674e-006 80
2.48261 1.29236 -0.106815 -9.05991e-006 3.8147e-006 80
2.70372 0.852482 -0.268583 3.86238e-005 -7.62939e-006 80
2.55371 1.19082 -0.209973 3.05176e-005 5.72205e-006 80
2.36563 1.50707 -0.148723 2.0504e-005 9.53674e-006 80
2.63197 1.09019 -0.305795 -3.19481e-005 1.33514e-005 80
2.44973 1.41436 -0.249389 5.62668e-005 5.72205e-006 80
2.23166 1.71241 -0.18981 4.43459e-005 1.71661e-005 80
2.54091 1.32272 -0.341242 -1.28746e-005 5.72205e-006 80
2.32774 1.6299 -0.287395 -2.1768e-005 7.62939e-006 80
2.08131 1.90717 -0.229842 -3.29018e-005 -5.72205e-006 80
2.4308 1.54859 -0.374687 1.23978e-005 3.8147e-006 80
2.18818 1.8361 -0.323754 3.33786e-006 7.62939e-006 80
1.91525 2.09013 -0.268583 -7.62939e-006 7.62939e-006 80
2.40239 1.84342 -0.210181 -1.69277e-005 9.53674e-006 80
2.13016 2.13016 -0.186365 1.08753e-005 6.67572e-006 80
1.82564 2.37922 -0.159722 -1.3113e-005 9.53674e-007 80
2.24106 2.05355 -0.224286 -4.76837e-006 7.62939e-006 80
1.94296 2.31553 -0.202583 2.30715e-005 8.58307e-006 80
1.61606 2.5367 -0.177777 0 2.86102e-006 80
2.06184 2.2501 -0.236838 8.10623e-006 4.76837e-006 80
1.74011 2.48513 -0.217421 -1.69828e-005 1.04904e-005 80
1.39332 2.67655 -0.194638 1.09673e-005 1.04904e-005 80
1.86578 2.43153 -0.247731 2.00272e-005 0 80
1.52284 2.63764 -0.230763 -4.29153e-006 8.58307e-006 80
1.15882 2.79764 -0.210182 2.6226e-005 1.14441e-005 80
1.65406 2.59636 -0.256866 -1.88351e-005 9.53674e-006 80
1.2925 2.77177 -0.242498 1.0344e-005 8.58307e-006 80
0.914038 2.89895 -0.224286 -1.43051e-005 2.86102e-006 80
1.428 2.74317 -0.264154 -6.67572e-006 8.58307e-006 80
1.05055 2.88636 -0.252524 2.13475e-005 6.67572e-006 80
0.660554 2.97956 -0.236838 -1.43051e-006 5.72205e-006 80
1.18906 2.87065 -0.269517 4.76837e-006 4.76837e-006 80
0.798582 2.98034 -0.260746 -1.70922e-005 1.04904e-005 80
0.400046 3.03866 -0.247731 8.10623e-006 1.14441e-005 80
0.938827 2.97759 -0.272887 1.71661e-005 -1.90735e-006 80
0.538282 3.05274 -0.267081 -4.65822e-006 9.53674e-006 80
0.134279 3.07554 -0.256866 2.21729e-005 1.14441e-005 80
-0.675745 -3.04808 0.272887 -2.0504e-005 1.14441e-005 80
0.271455 3.10274 -0.271455 7.48265e-006 6.67572e-006 80
-0.134895 3.08966 -0.264154 -1.62125e-005 9.53674e-007 80
-0.405568 -3.08059 0.269516 -8.82149e-006 7.62939e-006 80
2.23445e-006 -3.12964 0.273807 1.91555e-005 6.67572e-006 80
-0.405567 3.08059 -0.269516 -5.00679e-006 3.8147e-006 80
-0.134897 -3.08966 0.264154 3.8147e-006 3.8147e-006 80
0.271453 -3.10274 0.271455 -2.07424e-005 1.04904e-005 80
-0.675743 3.04808 -0.272887 8.34465e-006 6.67572e-006 80
0.134283 -3.07554 0.256866 1.62125e-005 1.90735e-006 80
0.538281 -3.05274 0.26708 -8.10623e-006 9.53674e-006 80
0.938832 -2.97759 0.272887 1.93119e-005 1.04904e-005 80
0.40005 -3.03866 0.247731 2.76566e-005 0 80
0.79858 -2.98034 0.260746 4.76837e-006 1.04904e-005 80
1.18906 -2.87065 0.269517 -1.81198e-005 0 80
0.660553 -2.97956 0.236838 -1.09673e-005 9.53674e-006 80
1.05055 -2.88636 0.252524 1.77531e-005 6.67572e-006 80
1.428 -2.74317 0.264154 -6.19888e-006 4.76837e-006 80
0.914037 -2.89895 0.224286 1.90735e-006 4.76837e-006 80
1.2925 -2.77177 0.242499 3.14713e-005 7.62939e-006 80
1.65406 -2.59636 0.256866 6.67572e-006 7.62939e-006 80
1.15882 -2.79764 0.210181 1.52588e-005 -9.53674e-007 80
1.52284 -2.63764 0.230764 -8.69322e-006 9.53674e-006 80
1.86578 -2.43153 0.247731 1.93119e-005 1.23978e-005 80
1.39332 -2.67655 0.194638 -2.52724e-005 1.23978e-005 80
1.74011 -2.48513 0.217421 3.33786e-006 8.58307e-006 80
2.06184 -2.2501 0.236838 3.14713e-005 1.52588e-005 80
1.61606 -2.5367 0.177777 -9.29832e-006 5.72205e-006 80
1.94296 -2.31553 0.202582 1.7643e-005 7.62939e-006 80
2.24106 -2.05355 0.224286 -6.67572e-006 1.90735e-006 80
1.82564 -2.37922 0.159723 -1.19209e-006 5.72205e-006 80
2.13016 -2.13016 0.186365 -2.49705e-005 6.67572e-006 80
2.40239 -1.84342 0.210181 3.09944e-006 5.72205e-006 80
2.02079 -2.2053 0.140606 1.16825e-005 9.53674e-007 80
2.3006 -1.93043 0.168891 -1.16274e-005 6.67572e-006 80
2.54493 -1.6213 0.194638 1.57356e-005 6.67572e-006 80
2.20032 -2.01622 0.120562 2.45571e-005 -2.86102e-006 80
2.45329 -1.71781 0.150289 0 7.62939e-006 80
2.6679 -1.38882 0.177777 -2.47955e-005 1.90735e-006 80
2.36317 -1.81332 0.0997286 -1.35899e-005 1.14441e-005 80
2.58737 -1.49382 0.130692 1.43051e-005 8.58307e-006 80
2.77066 -1.14765 0.159723 -1.0252e-005 3.8147e-006 80
2.50835 -1.598 0.0782442 -1.43051e-006 5.72205e-006 80
2.70208 -1.26 0.110235 2.87204e-005 1.04904e-005 80
2.85271 -0.899454 0.140606 4.76837e-006 9.53674e-006 80
2.63502 -1.3717 0.0562528 6.67572e-006 1.90735e-006 80
2.79679 -1.01795 0.0890589 -1.54052e-005 7.62939e-006 80
2.91365 -0.645938 0.120563 1.28746e-005 8.58307e-006 80
2.74241 -1.13594 0.0338971 2.02656e-005 -9.53674e-007 80
2.87098 -0.769278 0.067303 -8.4352e-007 1.14441e-005 80
2.95322 -0.388796 0.0997281 2.55108e-005 1.33514e-005 80
2.82987 -0.892257 0.0113236 -1.66893e-005 1.04904e-005 80
2.92426 -0.515625 0.0451114 1.08571e-005 5.72205e-006 80
2.9713 -0.129731 0.0782444 -1.33514e-005 1.90735e-006 80
2.89687 -0.642221 -0.0113234 -6.67572e-006 3.8147e-006 80
2.95635 -0.258644 0.0226284 2.43187e-005 7.62939e-006 80
2.96785 0.129579 0.0562527 0 5.72205e-006 80
2.94297 -0.387443 -0.0338979 5.98431e-005 -1.23978e-005 80
2.96706 -1.65053e-006 1.44402e-007 -1.56213e-005 6.67572e-006 80
2.94297 0.387451 0.0338972 1.21593e-005 8.58307e-006 80
2.96785 -0.129577 -0.0562529 2.14577e-005 0 80
2.95635 0.258647 -0.0226287 -2.53093e-006 7.62939e-006 80
2.89687 0.642224 0.0113232 2.47955e-005 1.23978e-005 80
2.9713 0.129733 -0.0782446 3.38554e-005 -4.76837e-006 80
2.92426 0.515633 -0.045112 6.41165e-005 7.62939e-006 80
2.82987 0.89226 -0.0113237 3.60012e-005 1.62125e-005 80
2.95322 0.388805 -0.0997288 4.72069e-005 -7.62939e-006 80
2.87098 0.76928 -0.0673032 2.58594e-005 1.14441e-005 80
2.74241 1.13595 -0.0338976 5.07832e-005 1.90735e-005 80
2.91364 0.645946 -0.120563 5.96046e-005 -9.53674e-006 80
2.79679 1.01795 -0.0890589 3.85876e-005 1.14441e-005 80
2.63502 1.37171 -0.0562535 6.4373e-005 2.28882e-005 80
2.8527 0.899457 -0.140606 2.26498e-005 -1.90735e-006 80
2.70207 1.26 -0.110236 5.02143e-005 8.58307e-006 80
2.50835 1.598 -0.0782447 2.45571e-005 9.53674e-006 80
2.77066 1.14765 -0.159723 3.43323e-005 -4.76837e-006 80
2.58736 1.49382 -0.130692 6.44832e-005 7.62939e-006 80
2.36316 1.81333 -0.0997289 8.91685e-005 2.86102e-005 80
2.66789 1.38882 -0.177777 4.69685e-005 -9.53674e-006 80
2.45329 1.71782 -0.15029 7.78346e-005 5.72205e-006 80
2.20032 2.01623 -0.120563 5.05447e-005 2.38419e-005 80
2.54492 1.6213 -0.194639 6.07967e-005 -5.72205e-006 80
2.3006 1.93043 -0.168891 3.734e-005 7.62939e-006 80
2.02079 2.2053 -0.140606 1.23978e-005 9.53674e-006 80
