1.95034 1.49656 -0.909464 0.000353813 -8.01086e-005 90
1.70212 1.70212 -0.793713 -3.25974e-005 1.14441e-005 90
1.43933 1.87577 -0.671171 9.05991e-005 2.67029e-005 90
1.84118 1.68713 -0.982126 0.000160217 -2.67029e-005 90
1.56862 1.86942 -0.871724 0.000293732 1.52588e-005 90
1.2852 2.01738 -0.753555 0.000406265 0.000118256 90
1.71605 1.87274 -1.05063 -3.14713e-005 3.8147e-006 90
1.42094 2.02931 -0.946283 9.45054e-005 1.52588e-005 90
1.11895 2.14948 -0.833123 0.000214577 4.95911e-005 90
1.57478 2.0523 -1.11445 0.00028038 -6.86646e-005 90
1.25908 2.18081 -1.01693 0.000415123 7.62939e-006 90
0.940774 2.27123 -0.909462 1.71661e-005 2.67029e-005 90
1.41721 2.22458 -1.17303 0.000100136 -1.90735e-005 90
1.08315 2.32284 -1.08316 0.000227653 1.52588e-005 90
0.750937 2.38169 -0.982127 0.000331879 9.53674e-005 90
1.24325 2.38829 -1.22578 0.00039959 -0.000106812 90
0.893272 2.45425 -1.14443 2.42458e-005 -1.14441e-005 90
0.549771 2.47987 -1.05063 0.000146866 4.95911e-005 90
1.05291 2.54196 -1.27202 0.000211716 -3.8147e-005 90
0.689636 2.57378 -1.20018 0.000341415 7.62939e-006 90
0.337654 2.56473 -1.11445 -5.24521e-005 -7.62939e-006 90
0.846279 2.68406 -1.31109 2.00272e-005 0 90
0.472571 2.6801 -1.24975 0.000147545 2.28882e-005 90
0.115048 2.63515 -1.17304 0.000266075 7.62939e-005 90
-0.609121 -2.7476 1.31109 0.000340462 -6.48499e-005 90
0.242499 2.77177 -1.2925 -4.86374e-005 1.52588e-005 90
-0.117447 2.68994 -1.22577 7.62939e-005 3.8147e-005 90
-0.359127 -2.72786 1.27202 0.00014019 -2.67029e-005 90
6.2544e-006 -2.84725 1.32769 0.000271497 3.05176e-005 90
-0.359138 2.72786 -1.27202 0.000390053 0.000110626 90
-0.117446 -2.68994 1.22577 -5.24521e-005 3.05176e-005 90
0.2425 -2.77177 1.2925 7.34329e-005 1.14441e-005 90
-0.609133 2.7476 -1.31109 0.000193596 8.01086e-005 90
0.115058 -2.63515 1.17303 0.000265121 -6.48499e-005 90
0.472582 -2.6801 1.24975 0.000411621 2.28882e-005 90
0.84628 -2.68406 1.31109 4.76837e-006 3.8147e-006 90
0.337654 -2.56473 1.11445 6.38962e-005 -2.67029e-005 90
0.689646 -2.57378 1.20017 0.000198181 3.8147e-006 90
1.05292 -2.54196 1.27202 0.000317574 9.15527e-005 90
0.549781 -2.47987 1.05062 0.000383377 -9.91821e-005 90
0.893273 -2.45425 1.14443 -1.72409e-006 -1.14441e-005 90
1.24326 -2.38828 1.22577 0.000127792 3.43323e-005 90
0.750946 -2.38168 0.982123 0.000195503 -4.95911e-005 90
1.08316 -2.32284 1.08316 0.000333603 -3.8147e-006 90
1.41722 -2.22457 1.17303 0.000435829 0.000114441 90
0.940774 -2.27123 0.909462 9.53674e-007 3.8147e-006 90
1.25909 -2.18081 1.01693 0.000131607 7.62939e-006 90
1.57478 -2.05229 1.11445 0.00025177 8.01086e-005 90
1.11895 -2.14948 0.83312 0.000317574 -6.86646e-005 90
1.42094 -2.02931 0.946283 -6.67572e-005 7.62939e-006 90
1.71605 -1.87274 1.05063 6.48499e-005 1.90735e-005 90
1.28521 -2.01737 0.753551 0.0001297 -2.28882e-005 90
1.56863 -1.86941 0.871721 0.000267616 1.52588e-005 90
1.84118 -1.68712 0.982122 0.000379562 0.000114441 90
1.43934 -1.87577 0.671167 0.000434875 -0.000106812 90
1.70212 -1.70212 0.793713 4.95903e-005 1.14441e-005 90
1.95035 -1.49655 0.909461 0.000170708 6.10352e-005 90
1.58113 -1.72549 0.586368 0.000240326 -4.95911e-005 90
1.82144 -1.52836 0.712685 0.000380333 1.14441e-005 90
2.04378 -1.30203 0.833122 -2.47955e-005 1.14441e-005 90
1.71042 -1.56731 0.499517 5.14984e-005 -3.8147e-006 90
1.92657 -1.349 0.629048 0.000189323 1.52588e-005 90
2.12171 -1.10449 0.75355 0.000300407 7.62939e-005 90
1.82708 -1.40196 0.410959 0.000370979 -9.15527e-005 90
2.01758 -1.16485 0.543179 -2.07976e-005 1.90735e-005 90
2.18438 -0.904799 0.67117 0.000100136 3.8147e-005 90
1.93093 -1.23014 0.321033 0.000173569 -4.57764e-005 90
2.09449 -0.976671 0.455429 0.000305542 3.8147e-006 90
2.23204 -0.703753 0.586367 0.0004282 0.000114441 90
2.02185 -1.05251 0.230054 -3.33786e-005 1.90735e-005 90
2.15735 -0.785208 0.366149 9.91821e-005 1.14441e-005 90
2.26493 -0.502118 0.499516 0.000217438 7.62939e-005 90
2.0997 -0.869717 0.138326 0.000291824 -6.86646e-005 90
2.20619 -0.59114 0.275653 0.000427246 7.62939e-006 90
2.28327 -0.300598 0.410962 3.14713e-005 1.52588e-005 90
2.16431 -0.682404 0.0461578 9.15527e-005 3.8147e-006 90
2.24105 -0.395154 0.184263 0.00021885 1.52588e-005 90
2.2873 -0.0998602 0.321032 0.00034523 0.000102997 90
2.21556 -0.49117 -0.0461622 0.000417709 -0.00012207 90
2.26196 -0.197896 0.0922802 3.05176e-005 7.62939e-006 90
2.27723 0.0994288 0.230053 0.000155449 5.34058e-005 90
2.25325 -0.296642 -0.13833 0.000227928 -3.8147e-005 90
2.26893 5.9686e-006 -2.7832e-006 0.000361903 3.05176e-005 90
2.25325 0.296654 0.138325 0.000470161 0.000144958 90
2.27723 -0.0994167 -0.230058 0.000544548 -0.0001297 90
2.26196 0.197899 -0.0922819 0.000164463 1.52588e-005 90
2.21555 0.491181 0.0461568 0.000285149 8.01086e-005 90
2.2873 0.099872 -0.321037 0.000352859 -8.7738e-005 90
2.24105 0.395167 -0.184269 0.000495727 1.14441e-005 90
2.16431 0.682415 -0.0461631 0.000597954 0.000171661 90
2.28327 0.300601 -0.410963 0.000162125 -2.67029e-005 90
2.20619 0.591152 -0.275659 0.000300316 1.14441e-005 90
2.09969 0.869728 -0.138331 0.000411034 0.00012207 90
2.26493 0.502131 -0.499521 0.000476837 -0.0001297 90
2.15734 0.785219 -0.366154 0.000622658 1.52588e-005 90
2.02185 1.05251 -0.230056 0.000213623 6.86646e-005 90
2.23204 0.703764 -0.586372 0.000290871 -6.10352e-005 90
2.09449 0.976682 -0.455435 0.000433647 1.14441e-005 90
1.93093 1.23015 -0.321038 0.000537872 0.000148773 90
2.18438 0.904803 -0.671172 0.000100136 -1.90735e-005 90
2.01758 1.16485 -0.54318 0.000234421 1.90735e-005 90
1.82707 1.40197 -0.410964 0.000347137 9.15527e-005 90
2.12171 1.1045 -0.753554 0.000418663 -0.000106812 90
1.92657 1.34901 -0.629053 0.000561806 3.8147e-006 90
1.71042 1.56732 -0.499519 0.000152588 4.95911e-005 90
2.04378 1.30203 -0.833123 0.00022316 -3.43323e-005 90
1.82143 1.52837 -0.71269 0.000361443 1.90735e-005 90
1.58112 1.7255 -0.586373 0.000473976 0.000125885 90
2.07482 1.59207 -0.755176 0.000290871 -7.62939e-005 90
1.81679 1.81679 -0.661259 0.000122744 3.8147e-006 90
1.54055 2.0077 -0.56072 0.000370026 0.000106812 90
1.95372 1.79026 -0.813444 0.000127792 -2.28882e-005 90
1.67069 1.99106 -0.724689 0.000395922 1.52588e-005 90
1.37314 2.1554 -0.628418 0.000207901 7.24792e-005 90
1.81585 1.98167 -0.867749 0.00039196 -9.91821e-005 90
1.50975 2.15616 -0.784779 0.00022404 1.90735e-005 90
1.19307 2.29189 -0.693367 0.0004673 0.000152588 90
1.66125 2.165 -0.917639 0.000232697 -6.10352e-005 90
1.33422 2.31096 -0.841121 0.000499725 7.62939e-006 90
1.00081 2.41619 -0.755176 0.000315666 9.91821e-005 90
1.49003 2.33891 -0.96265 0.000495911 -0.000125885 90
1.14443 2.45425 -0.893275 0.000327622 -3.8147e-006 90
0.796842 2.52727 -0.813444 0.000145912 3.8147e-005 90
1.30241 2.50192 -1.00229 0.000335693 -8.7738e-005 90
0.940779 2.58478 -0.940784 0.000175771 1.90735e-005 90
0.581739 2.6241 -0.867749 0.000415802 0.000125885 90
1.09871 2.65252 -1.03604 0.000165939 -3.8147e-005 90
0.723784 2.70124 -0.983172 0.000432968 2.28882e-005 90
0.356189 2.70557 -0.917639 0.00025177 5.72205e-005 90
0.879379 2.78907 -1.06339 0.000447273 -0.000102997 90
0.494104 2.80224 -1.01993 0.000272751 7.62939e-006 90
0.120963 2.77057 -0.962647 9.15527e-005 1.90735e-005 90
-0.632953 -2.8551 1.06339 0.000278473 -6.86646e-005 90
0.252521 2.88636 -1.05055 0.000105711 0 90
-0.123043 2.81793 -1.00229 0.000356674 9.91821e-005 90
-0.374747 -2.8465 1.03604 0.000109673 -2.67029e-005 90
1.0274e-005 -2.95213 1.07449 0.000375855 1.14441e-005 90
-0.374754 2.8465 -1.03604 0.000189781 5.72205e-005 90
-0.123024 -2.81793 1.00229 0.000374794 -9.91821e-005 90
0.252529 -2.88636 1.05055 0.000210396 3.8147e-006 90
-0.632972 2.8551 -1.06339 0.000453949 0.0001297 90
0.120971 -2.77056 0.962647 0.000212669 -5.72205e-005 90
0.494122 -2.80224 1.01993 0.000487549 1.52588e-005 90
0.879397 -2.78906 1.06339 0.000301361 9.15527e-005 90
0.356206 -2.70556 0.917635 0.000469208 -0.0001297 90
0.723801 -2.70123 0.983169 0.000317795 7.62939e-006 90
1.09871 -2.65252 1.03604 0.000134468 4.19617e-005 90
0.581755 -2.62409 0.867745 0.00030899 -6.86646e-005 90
0.940786 -2.58478 0.940783 0.000140702 1.52588e-005 90
1.30242 -2.50191 1.00228 0.00039959 0.000114441 90
0.796849 -2.52727 0.813443 0.00015831 -2.28882e-005 90
1.14444 -2.45424 0.893271 0.000431061 7.62939e-006 90
1.49005 -2.33889 0.962647 0.000240326 7.24792e-005 90
1.00082 -2.41618 0.755172 0.000427246 -0.000114441 90
1.33423 -2.31095 0.841117 0.000265269 3.8147e-006 90
1.66127 -2.16498 0.917636 0.000502586 0.000144958 90
1.19309 -2.29188 0.693362 0.000270844 -4.57764e-005 90
1.50976 -2.15616 0.784777 9.15527e-005 2.67029e-005 90
1.81586 -1.98165 0.867745 0.000341415 9.53674e-005 90
1.37315 -2.15539 0.628413 0.000531197 -0.00012207 90
1.6707 -1.99105 0.724684 0.000369072 1.14441e-005 90
1.95373 -1.79025 0.813442 0.000185013 6.48499e-005 90
1.54056 -2.00769 0.560714 0.000356674 -7.24792e-005 90
1.81679 -1.81679 0.661257 0.000189653 1.14441e-005 90
2.07483 -1.59206 0.755172 0.000436783 0.000133514 90
1.69495 -1.84971 0.49063 0.000197411 -4.95911e-005 90
1.94786 -1.63443 0.594885 0.000467888 1.52588e-005 90
2.17919 -1.38829 0.693363 0.000275612 8.01086e-005 90
1.83598 -1.68235 0.418507 0.000461578 -0.000114441 90
2.06373 -1.44503 0.525948 0.000301361 1.14441e-005 90
2.26688 -1.18006 0.628416 0.000110626 3.43323e-005 90
1.96332 -1.5065 0.344689 0.0002985 -7.62939e-005 90
2.16431 -1.24956 0.454803 0.000133514 0 90
2.33801 -0.968426 0.560714 0.000387192 0.000110626 90
2.07672 -1.32302 0.269498 0.000141144 -3.05176e-005 90
2.24952 -1.04896 0.381789 0.000405971 1.52588e-005 90
2.39272 -0.754417 0.49063 0.000232697 6.86646e-005 90
2.17592 -1.1327 0.193245 0.00039196 -8.7738e-005 90
2.31929 -0.844148 0.307245 0.000234604 7.62939e-006 90
2.43118 -0.538967 0.418507 0.000483513 0.000133514 90
2.26067 -0.936393 0.116245 0.000236511 -6.10352e-005 90
2.3736 -0.635993 0.231483 0.000508529 7.62939e-006 90
2.45354 -0.323008 0.344689 0.000322342 9.53674e-005 90
2.33074 -0.734868 0.0387946 0.000497818 -0.00012207 90
2.41241 -0.425365 0.154821 0.000340388 1.14441e-005 90
2.46 -0.107402 0.269498 0.000154495 4.95911e-005 90
2.38592 -0.528937 -0.0388018 0.000343323 -8.39233e-005 90
2.4357 -0.213092 0.0775592 0.000174522 1.14441e-005 90
2.45075 0.107012 0.193245 0.000424385 0.000125885 90
2.42599 -0.319384 -0.116249 0.000181198 -3.8147e-005 90
2.44346 9.55416e-006 -3.47743e-006 0.000451715 1.14441e-005 90
2.42599 0.319384 0.116249 -0.000163078 -3.43323e-005 90
2.45075 -0.107002 -0.193249 2.47955e-005 1.14441e-005 90
2.4357 0.213102 -0.0775627 0.000286873 1.14441e-005 90
2.38592 0.528948 0.0387983 0.000104904 3.43323e-005 90
2.46 0.107403 -0.269498 -0.00014019 4.19617e-005 90
2.41241 0.425375 -0.154824 0.00012207 3.8147e-006 90
2.33074 0.734877 -0.0387983 -5.53131e-005 3.8147e-006 90
2.45354 0.323018 -0.344692 0.0001297 -3.43323e-005 90
2.3736 0.636002 -0.231486 -4.68037e-005 7.62939e-006 90
2.26066 0.936402 -0.116249 0.000213623 5.34058e-005 90
2.43118 0.538978 -0.418511 -3.62396e-005 2.28882e-005 90
2.31929 0.844158 -0.307249 0.000228587 1.14441e-005 90
2.17592 1.13271 -0.193248 5.14984e-005 3.43323e-005 90
2.39272 0.754417 -0.49063 -0.000192642 5.72205e-005 90
2.24952 1.04897 -0.381793 6.98392e-005 -3.8147e-006 90
2.07672 1.32302 -0.269498 -0.000104904 -2.67029e-005 90
2.33801 0.968436 -0.560718 7.62939e-005 -1.52588e-005 90
2.16431 1.24956 -0.454803 -0.000107986 1.52588e-005 90
1.96332 1.50651 -0.344693 0.000156403 5.34058e-005 90
2.26688 1.18006 -0.628416 -8.39233e-005 2.28882e-005 90
2.06372 1.44504 -0.525951 0.000174301 3.8147e-006 90
1.83597 1.68236 -0.418511 -1.90735e-006 3.8147e-006 90
2.17918 1.3883 -0.693366 0.000182152 -3.05176e-005 90
1.94785 1.63444 -0.594888 9.53674e-006 7.62939e-006 90
1.69495 1.84971 -0.49063 -0.000169754 -2.28882e-005 90
2.19236 1.68226 -0.587441 2.19345e-005 1.14441e-005 90
1.92688 1.92687 -0.516304 -0.000134286 1.14441e-005 90
1.63903 2.13602 -0.439176 5.05447e-005 3.43323e-005 90
2.05859 1.88635 -0.630987 -0.000101089 4.19617e-005 90
1.76765 2.1066 -0.564463 7.9155e-005 1.14441e-005 90
1.45796 2.28854 -0.491206 -7.9155e-005 -7.62939e-006 90
1.90743 2.0816 -0.671038 0.000100136 -1.90735e-005 90
1.59309 2.27517 -0.60963 -5.24521e-005 1.14441e-005 90
1.26388 2.4279 -0.540738 0.000126839 4.57764e-005 90
1.73919 2.26656 -0.707243 -2.67029e-005 1.90735e-005 90
1.40372 2.43133 -0.651472 0.000160217 1.14441e-005 90
1.05751 2.55306 -0.587441 2.86102e-006 3.8147e-006 90
1.5543 2.43978 -0.739253 0.000181198 -3.05176e-005 90
1.20017 2.57378 -0.689642 3.28404e-005 3.8147e-006 90
0.839619 2.66292 -0.630987 -0.000121117 -1.52588e-005 90
1.35332 2.59972 -0.76671 5.91278e-005 -3.8147e-006 90
0.983172 2.70124 -0.723794 -9.49519e-005 1.52588e-005 90
0.611083 2.75643 -0.671038 8.39233e-005 4.19617e-005 90
1.13694 2.74481 -0.789257 -7.15256e-005 3.05176e-005 90
0.753569 2.81237 -0.753572 0.000108388 7.62939e-006 90
0.372906 2.8325 -0.707243 -4.29153e-005 1.14441e-005 90
0.906001 2.87348 -0.806544 0.00014019 -1.90735e-005 90
0.512379 2.90585 -0.778619 -1.62125e-005 7.62939e-006 90
0.126188 2.89006 -0.739252 -0.000169754 -2.67029e-005 90
-0.652117 -2.94151 0.806543 1.04904e-005 1.14441e-005 90
0.260751 2.98034 -0.79858 -0.00014332 1.52588e-005 90
-0.127845 2.92808 -0.76671 4.00543e-005 2.28882e-005 90
-0.387794 -2.94555 0.789258 -0.000117302 4.19617e-005 90
2.30945e-006 -3.03454 0.813104 6.41971e-005 1.52588e-005 90
-0.387786 2.94555 -0.789257 -8.96454e-005 -2.67029e-005 90
-0.12784 -2.92808 0.76671 9.05991e-005 -7.62939e-006 90
0.260744 -2.98034 0.79858 -6.45808e-005 2.28882e-005 90
-0.652122 2.94151 -0.806544 0.000117302 3.8147e-005 90
0.126181 -2.89006 0.739253 -3.8147e-005 2.67029e-005 90
0.512384 -2.90584 0.778619 0.000150308 7.62939e-006 90
0.906005 -2.87348 0.806543 -9.53674e-006 1.52588e-005 90
0.37291 -2.83249 0.707242 0.000167847 -3.05176e-005 90
0.753572 -2.81237 0.753572 1.52588e-005 1.14441e-005 90
1.13694 -2.74482 0.789258 -0.000138283 -2.67029e-005 90
0.611086 -2.75643 0.671037 4.19617e-005 7.62939e-006 90
0.983167 -2.70124 0.723795 -0.000112534 1.52588e-005 90
1.35333 -2.59971 0.76671 7.34329e-005 3.05176e-005 90
0.839613 -2.66292 0.630988 -8.01086e-005 3.05176e-005 90
1.20018 -2.57378 0.689642 0.000101089 1.14441e-005 90
1.55431 -2.43978 0.739253 -5.05447e-005 0 90
1.05751 -2.55305 0.58744 0.000124931 -1.90735e-005 90
1.40372 -2.43132 0.651471 -2.47955e-005 1.14441e-005 90
1.7392 -2.26656 0.707242 0.000154495 5.34058e-005 90
1.26389 -2.4279 0.540736 0 1.14441e-005 90
1.5931 -2.27517 0.609629 0.000190197 1.14441e-005 90
1.90743 -2.08159 0.671037 2.95639e-005 1.52588e-005 90
1.45796 -2.28854 0.491208 -0.000123024 5.34058e-005 90
1.76765 -2.1066 0.564462 5.91278e-005 7.62939e-006 90
2.05859 -1.88635 0.630989 -9.53674e-005 0 90
1.63903 -2.13602 0.439175 7.34329e-005 -1.52588e-005 90
1.92687 -1.92688 0.516305 -8.06422e-005 1.14441e-005 90
2.19236 -1.68225 0.58744 0.000102043 4.57764e-005 90
1.80646 -1.97141 0.38496 -5.05447e-005 3.05176e-005 90
2.07033 -1.73721 0.465483 0.000132457 1.52588e-005 90
2.30851 -1.47068 0.540737 -2.19345e-005 7.62939e-006 90
1.95972 -1.79574 0.328866 0.00015831 -2.67029e-005 90
2.19764 -1.53881 0.412322 5.72205e-006 1.52588e-005 90
2.4069 -1.25295 0.491208 -0.000145912 -1.90735e-005 90
2.09827 -1.61006 0.271198 2.86102e-005 -3.8147e-006 90
2.30852 -1.33283 0.35713 -0.000121655 1.14441e-005 90
2.48745 -1.03033 0.439176 5.81741e-005 1.90735e-005 90
2.22168 -1.41537 0.21225 -9.05991e-005 3.05176e-005 90
2.40271 -1.1204 0.30021 8.83988e-005 7.62939e-006 90
2.55015 -0.804061 0.384961 -6.19888e-005 -7.62939e-006 90
2.32953 -1.21268 0.152309 0.000103951 -7.62939e-006 90
2.48002 -0.902655 0.241866 -4.95911e-005 7.62939e-006 90
2.59504 -0.575301 0.328866 0.000135422 5.34058e-005 90
2.42146 -1.003 0.0916666 -1.33514e-005 1.90735e-005 90
2.5403 -0.680667 0.182384 0.000167847 1.14441e-005 90
2.62218 -0.345216 0.271198 9.53674e-006 2.28882e-005 90
2.49714 -0.78735 0.0306035 -0.000143051 5.72205e-005 90
2.58344 -0.455528 0.122059 3.71933e-005 1.14441e-005 90
2.63171 -0.114906 0.21225 -0.000114441 -1.90735e-005 90
2.55626 -0.566708 -0.0306032 6.48499e-005 -7.62939e-006 90
2.60935 -0.228291 0.0611705 -8.99145e-005 1.90735e-005 90
2.62377 0.11456 0.15231 9.15527e-005 3.8147e-005 90
2.59855 -0.342098 -0.0916695 0.000270844 -6.48499e-005 90
2.61799 3.59952e-006 -9.64485e-007 0.000123206 1.14441e-005 90
2.59855 0.342105 0.0916677 -3.33786e-005 3.8147e-006 90
2.62377 -0.114553 -0.152312 0.000146866 -2.28882e-005 90
2.60935 0.228289 -0.0611696 -4.8297e-006 1.14441e-005 90
2.55626 0.566715 0.0306014 0.000171661 5.34058e-005 90
2.63171 0.114903 -0.21225 2.09808e-005 1.52588e-005 90
2.58344 0.455536 -0.12206 0.000208855 1.52588e-005 90
2.49714 0.787348 -0.0306028 4.95911e-005 2.67029e-005 90
2.62218 0.345223 -0.2712 0.000232697 -4.19617e-005 90
2.5403 0.680674 -0.182386 8.06894e-005 1.14441e-005 90
2.42146 1.00301 -0.0916691 0.000252724 8.39233e-005 90
2.59504 0.575308 -0.328868 0.000100136 -1.90735e-005 90
2.48002 0.902663 -0.241868 0.000294478 1.14441e-005 90
2.32953 1.21268 -0.152311 0.00012207 4.57764e-005 90
2.55015 0.804058 -0.38496 -2.76566e-005 1.90735e-005 90
2.40271 1.12041 -0.300212 0.000165193 3.8147e-006 90
2.22168 1.41537 -0.212249 7.62939e-006 1.52588e-005 90
2.48745 1.03034 -0.439178 0.000181198 -3.43323e-005 90
2.30852 1.33282 -0.357129 2.46253e-005 7.62939e-006 90
2.09827 1.61006 -0.2712 0.000226974 6.86646e-005 90
2.4069 1.25295 -0.491208 6.19888e-005 -3.8147e-006 90
2.19764 1.53881 -0.412323 0.000249447 1.52588e-005 90
1.95971 1.79575 -0.328867 9.05991e-005 3.43323e-005 90
2.30851 1.47069 -0.540738 0.000271797 -5.72205e-005 90
2.07033 1.73721 -0.465485 0.000121386 1.14441e-005 90
1.80647 1.97141 -0.38496 -3.43323e-005 0 90
2.30193 1.76634 -0.405893 0.00011158 -2.28882e-005 90
2.03162 2.03162 -0.35823 -1.30857e-005 1.14441e-005 90
1.73425 2.26012 -0.305796 8.91685e-005 3.24249e-005 90
2.15475 1.97447 -0.434625 2.6226e-005 -1.90735e-006 90
1.8587 2.21512 -0.390585 0.000132561 7.62939e-006 90
1.53914 2.41596 -0.341243 0 3.8147e-006 90
1.98978 2.17147 -0.46065 0.00016737 -3.8147e-005 90
1.67016 2.38524 -0.420583 4.51292e-005 9.53674e-006 90
1.33083 2.55652 -0.374688 0.000142574 4.57764e-005 90
1.80768 2.35582 -0.483738 6.91414e-005 -1.33514e-005 90
1.46685 2.54068 -0.44799 0.000187874 7.62939e-006 90
1.11036 2.68066 -0.405894 6.1512e-005 2.09808e-005 90
1.60924 2.526 -0.503667 -5.72205e-006 -3.8147e-006 90
1.24975 2.6801 -0.472574 0.000102043 1.14441e-005 90
0.878827 2.78732 -0.434625 0.000197887 5.91278e-005 90
1.39538 2.68051 -0.520222 0.000136852 -2.67029e-005 90
1.01993 2.80224 -0.494111 1.71321e-005 1.52588e-005 90
0.637464 2.87544 -0.46065 0.000113964 3.8147e-005 90
1.16718 2.81784 -0.533197 4.72069e-005 -1.14441e-005 90
0.778612 2.90585 -0.512379 0.000154495 9.53674e-006 90
0.387589 2.94404 -0.483737 2.38419e-005 1.90735e-005 90
0.925875 2.93653 -0.542401 0.000191212 -4.19617e-005 90
0.527166 2.98972 -0.527169 6.45433e-005 7.62939e-006 90
0.130634 2.99221 -0.503668 0.00016737 5.14984e-005 90
-0.666419 -3.00605 0.5424 0.000102997 -3.43323e-005 90
0.267082 3.05274 -0.538281 -2.00272e-005 3.8147e-006 90
-0.13182 3.01908 -0.520221 8.15392e-005 2.86102e-005 90
-0.398104 -3.02391 0.533197 1.71661e-005 3.8147e-006 90
6.32929e-006 -3.09386 0.545531 0.000122685 1.33514e-005 90
-0.398105 3.02391 -0.533197 -7.15256e-006 1.14441e-005 90
-0.131808 -3.01908 0.520221 0.000157833 -3.62396e-005 90
0.267082 -3.05274 0.538281 3.54392e-005 1.90735e-006 90
-0.666433 3.00605 -0.5424 0.000134468 4.57764e-005 90
0.130647 -2.99221 0.503667 7.34329e-005 -1.33514e-005 90
0.527178 -2.98972 0.527168 0.000181198 1.14441e-005 90
0.925885 -2.93653 0.5424 4.91142e-005 1.52588e-005 90
0.387589 -2.94404 0.483737 -1.52588e-005 1.71661e-005 90
0.778624 -2.90584 0.512379 8.96454e-005 9.53674e-006 90
1.16719 -2.81783 0.533196 0.000185013 5.53131e-005 90
0.637475 -2.87543 0.460648 0.000125885 -2.86102e-005 90
1.01993 -2.80224 0.494111 2.24792e-006 1.33514e-005 90
1.39539 -2.6805 0.520221 9.87053e-005 3.24249e-005 90
0.878839 -2.78731 0.434624 3.91006e-005 -1.90735e-006 90
1.24976 -2.6801 0.472573 0.000150033 2.28882e-005 90
1.60924 -2.526 0.503667 1.95503e-005 1.33514e-005 90
1.11037 -2.68065 0.405892 0.000183582 -3.62396e-005 90
1.46686 -2.54067 0.447989 6.10352e-005 1.14441e-005 90
1.80769 -2.35581 0.483737 0.000160217 5.14984e-005 90
1.33084 -2.55651 0.374687 9.77516e-005 -2.67029e-005 90
1.67017 -2.38524 0.420582 0.000206964 1.33514e-005 90
1.98978 -2.17146 0.460648 7.34329e-005 3.8147e-005 90
1.53914 -2.41596 0.341242 1.00136e-005 1.90735e-006 90
1.85871 -2.21511 0.390584 0.000117166 0 90
2.15475 -1.97447 0.434624 -1.09673e-005 3.8147e-006 90
1.73426 -2.26012 0.305794 0.000148296 -2.67029e-005 90
2.03162 -2.03162 0.35823 2.36091e-005 9.53674e-006 90
2.30194 -1.76633 0.405892 0.000124454 4.19617e-005 90
1.91526 -2.09013 0.268582 6.34193e-005 -1.14441e-005 90
2.18819 -1.8361 0.323753 0.000173228 9.53674e-006 90
2.4308 -1.54859 0.374687 3.86238e-005 2.28882e-005 90
2.08131 -1.90717 0.229842 -2.14577e-005 1.71661e-005 90
2.32774 -1.62989 0.287394 8.2033e-005 1.52588e-005 90
2.54092 -1.32271 0.341241 0.000181675 5.53131e-005 90
2.23166 -1.71241 0.18981 0.000106335 -2.47955e-005 90
2.44973 -1.41435 0.249389 -6.67572e-006 7.62939e-006 90
2.63197 -1.09019 0.305795 9.9659e-005 3.24249e-005 90
2.36563 -1.50707 0.148722 3.38554e-005 -7.62939e-006 90
2.55371 -1.19081 0.209972 0.000144311 9.53674e-006 90
2.70373 -0.852481 0.268583 1.19209e-005 9.53674e-006 90
2.48261 -1.29236 0.106814 0.000168324 -3.8147e-005 90
2.63929 -0.96062 0.169383 4.3869e-005 7.62939e-006 90
2.75605 -0.610994 0.229841 0.000145435 4.3869e-005 90
2.58206 -1.06952 0.0643222 8.44002e-005 -1.52588e-005 90
2.70616 -0.725104 0.127855 0.000192642 7.62939e-006 90
2.78888 -0.36716 0.189809 6.05583e-005 2.09808e-005 90
2.66352 -0.839805 0.0214801 -4.76837e-007 7.62939e-006 90
2.75409 -0.485615 0.0856272 0.000103951 3.8147e-006 90
2.80223 -0.122338 0.148721 0.000203609 6.67572e-005 90
2.72658 -0.604462 -0.0214812 0.000135422 -4.3869e-005 90
2.78291 -0.243472 0.0429308 1.637e-005 9.53674e-006 90
2.79618 0.122089 0.106815 0.000117779 4.00543e-005 90
2.77089 -0.364793 -0.0643235 5.34058e-005 -1.14441e-005 90
2.79253 7.41257e-006 -1.30704e-006 0.000163049 9.53674e-006 90
2.77089 0.364807 0.064321 0.000259876 7.62939e-005 90
2.79618 -0.122075 -0.106817 0.000198841 -4.00543e-005 90
2.78291 0.243477 -0.0429315 7.51785e-005 7.62939e-006 90
2.72658 0.604476 0.0214786 0.000173569 4.95911e-005 90
2.80223 0.122353 -0.148724 0.00011301 -2.67029e-005 90
2.75408 0.48563 -0.0856296 0.000222206 5.72205e-006 90
2.66352 0.839809 -0.021481 8.82149e-005 3.05176e-005 90
2.78888 0.367175 -0.189812 0.000254154 -6.10352e-005 90
2.70616 0.725119 -0.127858 0.000134145 7.62939e-006 90
2.58206 1.06954 -0.0643248 0.00023222 7.05719e-005 90
2.75605 0.611009 -0.229844 0.000168324 -4.00543e-005 90
2.63928 0.960634 -0.169386 0.000281964 7.62939e-006 90
2.4826 1.29237 -0.106817 0.000145435 4.57764e-005 90
2.70372 0.852484 -0.268583 8.24928e-005 -1.14441e-005 90
2.55371 1.19082 -0.209974 0.000193596 7.62939e-006 90
2.36563 1.50707 -0.148723 6.4373e-005 2.86102e-005 90
2.63196 1.09021 -0.305797 0.000230312 -5.14984e-005 90
2.44973 1.41436 -0.24939 0.000103951 9.53674e-006 90
2.23165 1.71242 -0.189812 0.000204086 6.48499e-005 90
2.54091 1.32272 -0.341243 0.000141144 -2.47955e-005 90
2.32773 1.62991 -0.287397 0.000252077 7.62939e-006 90
2.0813 1.90717 -0.229843 0.000117779 3.43323e-005 90
2.43079 1.54859 -0.374687 5.53131e-005 -3.8147e-006 90
2.18818 1.83611 -0.323756 0.000163078 1.14441e-005 90
1.91525 2.09014 -0.268585 0.000258923 8.01086e-005 90
2.40238 1.84342 -0.210182 5.84126e-005 -7.62939e-006 90
2.13016 2.13016 -0.186365 3.33496e-005 1.04904e-005 90
1.82563 2.37923 -0.159723 0.000121117 3.8147e-005 90
2.24105 2.05356 -0.224287 0.000130177 -2.86102e-005 90
1.94295 2.31554 -0.202583 0.0001076 8.58307e-006 90
1.61605 2.53671 -0.177777 7.60555e-005 2.67029e-005 90
2.06183 2.25011 -0.236839 8.70228e-005 -1.43051e-005 90
1.7401 2.48514 -0.217421 6.32727e-005 5.72205e-006 90
1.39332 2.67655 -0.194639 3.26633e-005 1.52588e-005 90
1.86578 2.43153 -0.247731 4.26769e-005 -2.86102e-006 90
1.52283 2.63764 -0.230764 0.000136559 1.14441e-005 90
1.15881 2.79764 -0.210182 0.000103474 3.71933e-005 90
1.65405 2.59636 -0.256866 0.000114441 -2.57492e-005 90
1.29249 2.77177 -0.242499 9.08924e-005 7.62939e-006 90
0.914031 2.89896 -0.224287 6.48499e-005 2.38419e-005 90
1.428 2.74318 -0.264154 7.27177e-005 -1.23978e-005 90
1.05055 2.88636 -0.252524 4.83441e-005 7.62939e-006 90
0.660541 2.97957 -0.236839 0.000133514 4.29153e-005 90
1.18906 2.87065 -0.269517 2.71797e-005 -9.53674e-007 90
0.798568 2.98034 -0.260747 0.000118916 1.23978e-005 90
0.400038 3.03866 -0.247731 8.72612e-005 3.24249e-005 90
0.93882 2.97759 -0.272887 9.799e-005 -2.00272e-005 90
0.538275 3.05275 -0.26708 7.35796e-005 7.62939e-006 90
0.134277 3.07554 -0.256866 4.48227e-005 1.90735e-005 90
-0.675738 -3.04808 0.272887 5.45979e-005 -9.53674e-006 90
0.271451 3.10274 -0.271454 3.01325e-005 1.14441e-005 90
-0.134909 3.08966 -0.264154 0.000117302 3.8147e-005 90
-0.405555 -3.08059 0.269516 0.00012517 -2.67029e-005 90
1.0349e-005 -3.12964 0.273807 0.000102282 1.04904e-005 90
-0.405575 3.08059 -0.269516 7.24792e-005 2.38419e-005 90
-0.134889 -3.08966 0.264154 8.2016e-005 -1.52588e-005 90
0.271461 -3.10274 0.271454 5.83577e-005 1.04904e-005 90
-0.675747 3.04808 -0.272887 2.7895e-005 1.52588e-005 90
0.134285 -3.07554 0.256866 3.95775e-005 -9.53674e-007 90
0.538294 -3.05274 0.267081 0.000131277 8.58307e-006 90
0.938839 -2.97758 0.272887 0.000100374 3.24249e-005 90
0.400058 -3.03866 0.24773 0.000108004 -1.90735e-005 90
0.798588 -2.98034 0.260745 8.64911e-005 1.14441e-005 90
1.18907 -2.87065 0.269516 5.62668e-005 2.19345e-005 90
0.66056 -2.97956 0.236838 6.58035e-005 -1.23978e-005 90
1.05055 -2.88636 0.252524 3.89171e-005 1.04904e-005 90
1.42802 -2.74316 0.264153 0.000127316 4.3869e-005 90
0.914038 -2.89895 0.224286 2.43187e-005 5.72205e-006 90
1.29251 -2.77176 0.242498 0.000116532 7.62939e-006 90
1.65407 -2.59635 0.256865 8.53539e-005 2.76566e-005 90
1.15883 -2.79764 0.210181 9.41753e-005 -1.90735e-005 90
1.52285 -2.63763 0.230763 7.10487e-005 1.52588e-005 90
1.86578 -2.43153 0.247731 4.36306e-005 1.90735e-005 90
1.39333 -2.67654 0.194638 5.50747e-005 0 90
1.74012 -2.48513 0.21742 0.000144775 6.67572e-006 90
2.06185 -2.25009 0.236838 0.00011301 4.1008e-005 90
1.61607 -2.53669 0.177776 0.000123024 -2.57492e-005 90
1.94297 -2.31552 0.202582 0.000100374 7.62939e-006 90
2.24106 -2.05354 0.224286 7.03335e-005 2.67029e-005 90
1.82565 -2.37922 0.159722 7.70092e-005 -1.33514e-005 90
2.13016 -2.13015 0.186364 5.19801e-005 1.04904e-005 90
2.40239 -1.84341 0.210181 2.38419e-005 1.52588e-005 90
2.02079 -2.2053 0.140606 3.38554e-005 -9.53674e-007 90
2.30061 -1.93042 0.16889 0.000127591 8.58307e-006 90
2.54493 -1.62129 0.194638 9.65595e-005 2.86102e-005 90
2.20033 -2.01622 0.120562 0.000106573 -2.09808e-005 90
2.45329 -1.71781 0.150289 8.23462e-005 7.62939e-006 90
2.6679 -1.38881 0.177777 5.43594e-005 2.57492e-005 90
2.36317 -1.81332 0.0997277 6.24657e-005 -8.58307e-006 90
2.58737 -1.49381 0.130692 3.73768e-005 1.04904e-005 90
2.77066 -1.14763 0.159722 0.000123262 4.29153e-005 90
2.50836 -1.59799 0.0782431 0.000133753 -2.67029e-005 90
2.70208 -1.25999 0.110235 0.00011147 1.14441e-005 90
2.85271 -0.899447 0.140606 8.2016e-005 3.24249e-005 90
2.63502 -1.3717 0.0562518 8.4877e-005 -1.81198e-005 90
2.79679 -1.01794 0.0890579 6.28327e-005 8.58307e-006 90
2.91365 -0.645937 0.120562 3.50475e-005 1.81198e-005 90
2.74241 -1.13594 0.033897 4.33922e-005 -2.86102e-006 90
2.87099 -0.769264 0.0673018 0.00013832 1.23978e-005 90
2.95322 -0.388789 0.0997276 0.00010705 3.52859e-005 90
2.82988 -0.892244 0.0113223 0.000117302 -2.19345e-005 90
2.92427 -0.515617 0.0451108 9.03787e-005 1.04904e-005 90
2.9713 -0.129724 0.0782438 6.38962e-005 2.38419e-005 90
2.89687 -0.642213 -0.0113241 7.29561e-005 -1.04904e-005 90
2.95635 -0.258642 0.0226283 4.82339e-005 9.53674e-006 90
2.96785 0.129592 0.0562515 0.000136137 4.29153e-005 90
2.94297 -0.387446 -0.0338976 3.00407e-005 -1.90735e-006 90
2.96706 1.16723e-005 -1.02119e-006 0.000122776 1.04904e-005 90
2.94297 0.387447 0.0338976 -2.31266e-005 9.53674e-007 90
2.96785 -0.12958 -0.0562525 -1.33514e-005 1.14441e-005 90
2.95635 0.258654 -0.0226293 7.86966e-005 1.14441e-005 90
2.89687 0.642226 0.011323 4.93526e-005 2.00272e-005 90
2.9713 0.129735 -0.0782449 5.88894e-005 -7.62939e-006 90
2.92426 0.51563 -0.0451117 3.30853e-005 5.72205e-006 90
2.82987 0.892256 -0.0113235 6.4373e-006 4.76837e-006 90
2.95322 0.388801 -0.0997285 1.54972e-005 0 90
2.87098 0.769276 -0.0673029 -1.09673e-005 1.23978e-005 90
2.74241 1.13594 -0.0338971 -3.57628e-005 -3.8147e-006 90
2.91365 0.645937 -0.120562 -2.95639e-005 1.52588e-005 90
2.79678 1.01795 -0.0890596 6.2759e-005 9.53674e-006 90
2.63502 1.37171 -0.0562527 3.3617e-005 1.52588e-005 90
2.8527 0.899459 -0.140607 4.60148e-005 -3.8147e-006 90
2.70208 1.26 -0.110235 2.00272e-005 7.62939e-006 90
2.50835 1.598 -0.0782441 -7.15256e-006 5.72205e-006 90
2.77066 1.14764 -0.159723 -4.76837e-007 5.72205e-006 90
2.58737 1.49381 -0.130692 -2.64096e-005 8.58307e-006 90
2.36316 1.81333 -0.0997288 6.36578e-005 2.38419e-005 90
2.6679 1.38882 -0.177777 -4.07696e-005 1.81198e-005 90
2.45329 1.71782 -0.150289 4.76468e-005 7.62939e-006 90
2.20032 2.01622 -0.120563 2.0504e-005 1.14441e-005 90
2.54492 1.6213 -0.194638 2.95639e-005 -2.86102e-006 90
2.3006 1.93043 -0.168891 3.41119e-006 8.58307e-006 90
2.02079 2.2053 -0.140606 -2.28882e-005 -1.90735e-006 90
