1.95035 1.49655 -0.909462 0 3.8147e-006 70
1.70212 1.70212 -0.793714 2.34394e-006 7.62939e-006 70
1.43933 1.87577 -0.671171 1.14441e-005 3.8147e-006 70
1.84118 1.68713 -0.982125 -3.8147e-006 3.8147e-006 70
1.56863 1.86942 -0.871723 0 7.62939e-006 70
1.28521 2.01737 -0.753551 7.62939e-006 1.14441e-005 70
1.71605 1.87274 -1.05063 -2.86102e-006 1.14441e-005 70
1.42094 2.02931 -0.946282 5.72205e-006 0 70
1.11895 2.14948 -0.833122 4.76837e-006 0 70
1.57478 2.05229 -1.11445 -4.76837e-006 3.8147e-006 70
1.25909 2.18081 -1.01693 3.14422e-006 0 70
0.940774 2.27123 -0.909462 -3.8147e-006 7.62939e-006 70
1.41721 2.22458 -1.17303 -3.8147e-006 0 70
1.08316 2.32284 -1.08316 -7.73349e-006 0 70
0.750942 2.38169 -0.982125 1.04904e-005 1.14441e-005 70
1.24326 2.38828 -1.22577 -9.53674e-006 0 70
0.893273 2.45425 -1.14443 -5.72205e-006 -3.8147e-006 70
0.549774 2.47987 -1.05063 3.8147e-006 0 70
1.05291 2.54196 -1.27202 -1.23978e-005 1.90735e-005 70
0.689642 2.57378 -1.20017 7.62939e-006 7.62939e-006 70
0.337653 2.56473 -1.11445 3.8147e-006 3.8147e-006 70
0.84628 2.68406 -1.31109 2.86102e-006 0 70
0.472574 2.6801 -1.24975 -1.23687e-006 1.90735e-005 70
0.115053 2.63515 -1.17303 1.90735e-005 3.8147e-006 70
-0.609128 -2.7476 1.31109 -1.90735e-006 7.62939e-006 70
0.242498 2.77177 -1.2925 -3.8147e-006 7.62939e-006 70
-0.117445 2.68994 -1.22577 5.72205e-006 1.52588e-005 70
-0.35913 -2.72786 1.27202 -6.67572e-006 3.8147e-006 70
5.1228e-007 -2.84725 1.3277 1.51287e-005 1.90735e-005 70
-0.35913 2.72786 -1.27202 1.43051e-005 7.62939e-006 70
-0.117445 -2.68994 1.22577 4.76837e-006 7.62939e-006 70
0.242498 -2.77177 1.2925 1.33514e-005 3.8147e-006 70
-0.609129 2.7476 -1.31109 1.14441e-005 2.28882e-005 70
0.115054 -2.63515 1.17303 9.53674e-007 3.8147e-006 70
0.472574 -2.6801 1.24975 1.90735e-006 1.90735e-005 70
0.84628 -2.68406 1.31109 7.62939e-006 7.62939e-006 70
0.337653 -2.56473 1.11445 -5.72205e-006 -1.14441e-005 70
0.689643 -2.57378 1.20017 8.97035e-006 0 70
1.05292 -2.54196 1.27202 1.81198e-005 7.62939e-006 70
0.549774 -2.47987 1.05063 -9.53674e-007 0 70
0.893273 -2.45425 1.14443 8.76217e-006 0 70
1.24326 -2.38828 1.22577 6.67572e-006 3.8147e-006 70
0.750942 -2.38169 0.982125 3.8147e-006 1.14441e-005 70
1.08316 -2.32284 1.08316 7.063e-006 7.62939e-006 70
1.41721 -2.22458 1.17303 4.76837e-006 7.62939e-006 70
0.940774 -2.27123 0.909462 1.43051e-005 0 70
1.25909 -2.18081 1.01693 9.53674e-006 3.8147e-006 70
1.57478 -2.05229 1.11445 8.58307e-006 7.62939e-006 70
1.11895 -2.14948 0.833122 1.14441e-005 -7.62939e-006 70
1.42094 -2.02931 0.946283 1.22187e-005 7.62939e-006 70
1.71605 -1.87274 1.05063 4.76837e-006 7.62939e-006 70
1.28521 -2.01737 0.753552 6.67572e-006 -7.62939e-006 70
1.56863 -1.86941 0.871723 1.22187e-005 1.14441e-005 70
1.84118 -1.68713 0.982125 5.72205e-006 1.14441e-005 70
1.43933 -1.87577 0.67117 -9.53674e-007 7.62939e-006 70
1.70212 -1.70212 0.793714 -4.04843e-006 7.62939e-006 70
1.95035 -1.49655 0.909462 1.52588e-005 1.14441e-005 70
1.58112 -1.72549 0.58637 -9.53674e-007 1.14441e-005 70
1.82143 -1.52836 0.712688 -2.47374e-006 0 70
2.04378 -1.30203 0.833121 1.62125e-005 1.14441e-005 70
1.71042 -1.56731 0.499517 -2.00272e-005 -3.8147e-006 70
1.92657 -1.349 0.629049 -3.8147e-006 7.62939e-006 70
2.12171 -1.10449 0.753552 1.71661e-005 1.14441e-005 70
1.82707 -1.40196 0.410962 1.90735e-006 -3.8147e-006 70
2.01758 -1.16485 0.543178 -9.53674e-006 7.62939e-006 70
2.18438 -0.904801 0.671171 1.52588e-005 1.52588e-005 70
1.93093 -1.23014 0.321034 -9.53674e-007 0 70
2.09449 -0.976676 0.455431 -1.44505e-006 0 70
2.23204 -0.70376 0.58637 2.38419e-005 3.8147e-006 70
2.02185 -1.05251 0.230054 6.67572e-006 3.8147e-006 70
2.15735 -0.785209 0.366149 5.72205e-006 3.8147e-006 70
2.26493 -0.502122 0.499518 2.86102e-006 7.62939e-006 70
2.0997 -0.869722 0.138328 -1.52588e-005 7.62939e-006 70
2.20619 -0.591147 0.275656 9.53674e-006 3.8147e-006 70
2.28327 -0.300598 0.410962 3.8147e-006 3.8147e-006 70
2.16431 -0.682405 0.0461582 1.14441e-005 1.52588e-005 70
2.24105 -0.395158 0.184265 4.38109e-006 3.8147e-006 70
2.2873 -0.0998654 0.321034 1.90735e-006 3.8147e-006 70
2.21555 -0.491176 -0.0461589 9.53674e-006 -3.8147e-006 70
2.26196 -0.197896 0.0922802 1.08257e-005 1.14441e-005 70
2.27723 0.0994259 0.230054 7.62939e-006 7.62939e-006 70
2.25325 -0.296646 -0.138329 1.23978e-005 0 70
2.26893 1.34606e-007 -1.22223e-007 8.73631e-006 1.90735e-005 70
2.25325 0.296646 0.138328 4.76837e-006 1.14441e-005 70
2.27723 -0.0994256 -0.230054 1.04904e-005 7.62939e-006 70
2.26196 0.197896 -0.0922801 8.91831e-006 7.62939e-006 70
2.21555 0.491176 0.0461587 7.62939e-006 0 70
2.2873 0.0998663 -0.321035 1.23978e-005 3.8147e-006 70
2.24105 0.395158 -0.184266 7.62939e-006 2.28882e-005 70
2.16431 0.682406 -0.0461588 3.05176e-005 1.14441e-005 70
2.28327 0.300599 -0.410962 7.62939e-006 0 70
2.20619 0.591147 -0.275656 1.02072e-005 3.8147e-006 70
2.09969 0.869723 -0.138329 3.52859e-005 1.52588e-005 70
2.26493 0.502123 -0.499518 1.04904e-005 -3.8147e-006 70
2.15735 0.78521 -0.36615 1.02072e-005 7.62939e-006 70
2.02185 1.05251 -0.230054 3.43323e-005 7.62939e-006 70
2.23204 0.70376 -0.58637 -1.04904e-005 1.14441e-005 70
2.09449 0.976676 -0.455431 1.67038e-005 7.62939e-006 70
1.93093 1.23014 -0.321034 3.33786e-005 3.8147e-006 70
2.18438 0.904801 -0.671171 1.23978e-005 -3.8147e-006 70
2.01758 1.16485 -0.543178 3.24831e-006 0 70
1.82707 1.40196 -0.410962 5.72205e-006 0 70
2.12171 1.10449 -0.753552 1.33514e-005 7.62939e-006 70
1.92657 1.349 -0.629049 5.61796e-006 0 70
1.71042 1.56731 -0.499518 3.05176e-005 7.62939e-006 70
2.04378 1.30203 -0.833122 1.04904e-005 7.62939e-006 70
1.82143 1.52836 -0.712688 7.91259e-006 1.14441e-005 70
1.58112 1.72549 -0.58637 3.33786e-005 7.62939e-006 70
2.07482 1.59207 -0.755175 2.38419e-005 -3.8147e-006 70
1.81679 1.81679 -0.661259 1.67959e-005 3.8147e-006 70
1.54056 2.00769 -0.560717 4.76837e-006 7.62939e-006 70
1.95372 1.79026 -0.813444 2.57492e-005 3.8147e-006 70
1.6707 1.99106 -0.724686 1.60708e-005 3.8147e-006 70
1.37314 2.1554 -0.628416 4.76837e-006 3.8147e-006 70
1.81586 1.98166 -0.867748 2.38419e-005 -3.8147e-006 70
1.50976 2.15616 -0.784778 1.23978e-005 7.62939e-006 70
1.19308 2.29189 -0.693364 3.8147e-006 3.8147e-006 70
1.66126 2.16499 -0.917638 1.71661e-005 3.8147e-006 70
1.33423 2.31095 -0.841118 9.53674e-006 7.62939e-006 70
1.00082 2.41618 -0.755174 9.53674e-007 1.14441e-005 70
1.49004 2.3389 -0.962648 2.09808e-005 0 70
1.14443 2.45425 -0.893273 7.93865e-006 7.62939e-006 70
0.796846 2.52727 -0.813443 -1.90735e-006 7.62939e-006 70
1.30242 2.50192 -1.00229 1.71661e-005 1.14441e-005 70
0.940782 2.58478 -0.940783 1.38412e-005 1.14441e-005 70
0.581748 2.6241 -0.867747 -1.90735e-006 7.62939e-006 70
1.09871 2.65252 -1.03604 1.33514e-005 -3.8147e-006 70
0.723794 2.70124 -0.98317 3.50544e-006 1.14441e-005 70
0.356195 2.70557 -0.917637 -4.76837e-006 -7.62939e-006 70
0.879389 2.78907 -1.06339 2.00272e-005 3.8147e-006 70
0.494111 2.80224 -1.01993 3.8147e-006 7.62939e-006 70
0.120965 2.77057 -0.962648 -6.67572e-006 -3.8147e-006 70
-0.632959 -2.8551 1.06339 1.33514e-005 -3.8147e-006 70
0.252524 2.88636 -1.05055 3.41517e-006 0 70
-0.123033 2.81793 -1.00229 -6.67572e-006 0 70
-0.374749 -2.8465 1.03604 9.53674e-006 7.62939e-006 70
0 2.95213 -1.07449 -8.93676e-007 7.62939e-006 70
-0.374751 2.8465 -1.03604 3.05176e-005 1.52588e-005 70
-0.123033 -2.81793 1.00229 1.14441e-005 -3.8147e-006 70
0.252525 -2.88636 1.05055 4.1807e-005 3.8147e-006 70
-0.632959 2.8551 -1.06339 -1.23978e-005 0 70
0.120965 -2.77057 0.962648 8.58307e-006 -3.8147e-006 70
0.494111 -2.80224 1.01993 -9.53674e-007 7.62939e-006 70
0.879391 -2.78907 1.06339 2.57492e-005 1.52588e-005 70
0.356195 -2.70557 0.917637 7.62939e-006 -3.8147e-006 70
0.723795 -2.70124 0.98317 4.08534e-005 3.8147e-006 70
1.09871 -2.65252 1.03604 3.52859e-005 1.52588e-005 70
0.581748 -2.6241 0.867747 3.8147e-006 7.62939e-006 70
0.940783 -2.58478 0.940783 -7.62939e-006 1.14441e-005 70
1.30242 -2.50192 1.00229 1.62125e-005 2.28882e-005 70
0.796846 -2.52727 0.813443 7.62939e-006 1.52588e-005 70
1.14443 -2.45425 0.893273 3.8147e-005 7.62939e-006 70
1.49004 -2.3389 0.962648 -1.52588e-005 1.14441e-005 70
1.00082 -2.41618 0.755174 8.58307e-006 3.8147e-006 70
1.33423 -2.31095 0.841118 -7.62939e-006 3.8147e-006 70
1.66126 -2.16499 0.917638 2.57492e-005 1.14441e-005 70
1.19308 -2.29189 0.693364 8.58307e-006 1.14441e-005 70
1.50976 -2.15616 0.784778 3.36879e-005 1.90735e-005 70
1.81586 -1.98166 0.867747 -1.81198e-005 0 70
1.37314 -2.1554 0.628416 4.57764e-005 -3.8147e-006 70
1.6707 -1.99106 0.724686 -6.19888e-006 3.8147e-006 70
1.95372 -1.79026 0.813444 2.57492e-005 7.62939e-006 70
1.54056 -2.00769 0.560717 -7.62939e-006 1.90735e-005 70
1.81679 -1.81679 0.661258 2.59255e-005 7.62939e-006 70
2.07482 -1.59207 0.755174 1.52588e-005 1.90735e-005 70
1.69495 -1.84971 0.490631 3.62396e-005 -3.8147e-006 70
1.94785 -1.63444 0.594888 -1.58129e-005 7.62939e-006 70
2.17918 -1.38829 0.693364 1.43051e-005 1.14441e-005 70
1.83597 -1.68236 0.418511 -4.76837e-006 7.62939e-006 70
2.06373 -1.44503 0.52595 2.57492e-005 3.8147e-006 70
2.26687 -1.18006 0.628417 5.72205e-006 7.62939e-006 70
1.96332 -1.50651 0.344691 3.14713e-005 -7.62939e-006 70
2.16431 -1.24956 0.454804 -1.90735e-005 -3.8147e-006 70
2.33801 -0.968434 0.560717 1.23978e-005 1.52588e-005 70
2.07672 -1.32302 0.269499 -5.72205e-006 1.52588e-005 70
2.24952 -1.04897 0.381793 2.35067e-005 1.14441e-005 70
2.39272 -0.754422 0.490631 1.52588e-005 7.62939e-006 70
2.17592 -1.13271 0.193248 2.00272e-005 3.8147e-006 70
2.31929 -0.844153 0.307247 1.3532e-005 1.52588e-005 70
2.43118 -0.538979 0.418511 5.72205e-006 0 70
2.26066 -0.936398 0.116248 -1.43051e-005 7.62939e-006 70
2.3736 -0.636003 0.231487 1.63671e-005 7.62939e-006 70
2.45354 -0.323014 0.344691 6.67572e-006 0 70
2.33074 -0.734878 0.0387983 2.67029e-005 0 70
2.41241 -0.425372 0.154823 1.62125e-005 3.8147e-006 70
2.46 -0.107406 0.269499 1.90735e-006 1.14441e-005 70
2.38592 -0.528945 -0.0387989 2.09808e-005 0 70
2.4357 -0.213096 0.0775606 1.58581e-005 1.14441e-005 70
2.45075 0.107003 0.193249 4.76837e-006 0 70
2.42599 -0.319387 -0.116248 2.28882e-005 0 70
2.44346 4.27228e-007 -1.55498e-007 1.51978e-005 7.62939e-006 70
2.42599 0.319388 0.116248 6.67572e-006 3.8147e-006 70
2.45075 -0.107002 -0.193249 2.57492e-005 -1.14441e-005 70
2.4357 0.213096 -0.0775606 1.57356e-005 7.62939e-006 70
2.38592 0.528945 0.0387991 3.8147e-006 7.62939e-006 70
2.46 0.107407 -0.2695 2.38419e-005 -7.62939e-006 70
2.41241 0.425372 -0.154823 1.00006e-005 1.14441e-005 70
2.33074 0.734878 -0.0387986 9.53674e-007 1.14441e-005 70
2.45354 0.323015 -0.344692 2.00272e-005 -1.14441e-005 70
2.3736 0.636004 -0.231487 1.65476e-005 3.8147e-006 70
2.26066 0.936398 -0.116248 2.86102e-006 7.62939e-006 70
2.43118 0.538979 -0.418511 2.19345e-005 0 70
2.31929 0.844154 -0.307247 1.33514e-005 7.62939e-006 70
2.17592 1.13271 -0.193248 9.53674e-007 1.52588e-005 70
2.39272 0.754423 -0.490632 2.57492e-005 -3.8147e-006 70
2.24952 1.04897 -0.381793 1.44597e-005 1.14441e-005 70
2.07672 1.32302 -0.269499 5.72205e-006 1.14441e-005 70
2.33801 0.968434 -0.560717 2.19345e-005 0 70
2.16431 1.24956 -0.454804 2.52586e-006 7.62939e-006 70
1.96332 1.50651 -0.344691 6.67572e-006 1.52588e-005 70
2.26687 1.18006 -0.628417 1.90735e-005 0 70
2.06372 1.44504 -0.52595 1.70115e-005 7.62939e-006 70
1.83597 1.68236 -0.418511 3.8147e-006 3.8147e-006 70
2.17918 1.38829 -0.693364 2.47955e-005 7.62939e-006 70
1.94785 1.63444 -0.594888 1.52588e-005 7.62939e-006 70
1.69495 1.84971 -0.490631 4.76837e-006 1.14441e-005 70
2.19236 1.68226 -0.587441 2.28882e-005 1.90735e-006 70
1.92687 1.92687 -0.516305 1.25211e-006 5.72205e-006 70
1.63903 2.13602 -0.439176 1.19209e-005 1.33514e-005 70
2.05859 1.88635 -0.630988 2.14577e-005 5.72205e-006 70
1.76765 2.1066 -0.564462 -1.355e-006 1.14441e-005 70
1.45796 2.28854 -0.491207 1.00136e-005 1.14441e-005 70
1.90743 2.08159 -0.671037 2.0504e-005 1.90735e-006 70
1.59309 2.27517 -0.60963 0 1.14441e-005 70
1.26389 2.4279 -0.540736 7.15256e-006 1.33514e-005 70
1.73919 2.26656 -0.707243 1.85966e-005 5.72205e-006 70
1.40372 2.43132 -0.651471 2.96142e-005 9.53674e-006 70
1.05751 2.55306 -0.587441 8.10623e-006 1.33514e-005 70
1.55431 2.43978 -0.739253 1.81198e-005 1.90735e-006 70
1.20017 2.57378 -0.689643 1.00401e-006 2.28882e-005 70
0.839615 2.66292 -0.630987 7.15256e-006 9.53674e-006 70
1.35333 2.59971 -0.76671 2.19345e-005 1.90735e-006 70
0.983169 2.70124 -0.723795 2.95136e-005 7.62939e-006 70
0.611085 2.75643 -0.671037 8.10623e-006 1.33514e-005 70
1.13694 2.74482 -0.789258 4.95911e-005 -5.72205e-006 70
0.753571 2.81237 -0.753573 2.47955e-005 7.62939e-006 70
0.372904 2.8325 -0.707243 1.43051e-006 1.14441e-005 70
0.906005 2.87348 -0.806543 1.66893e-005 5.72205e-006 70
0.512378 2.90585 -0.778619 2.67029e-005 5.72205e-006 70
0.126182 2.89006 -0.739252 4.29153e-006 1.33514e-005 70
-0.652117 -2.94151 0.806543 1.52588e-005 7.62939e-006 70
0.260746 2.98034 -0.79858 -6.22405e-006 5.72205e-006 70
-0.127844 2.92808 -0.76671 4.29153e-006 9.53674e-006 70
-0.387789 -2.94555 0.789258 1.09673e-005 3.8147e-006 70
1.06056e-006 -3.03455 0.813104 2.21137e-005 9.53674e-006 70
-0.387789 2.94555 -0.789258 3.33786e-006 -1.90735e-006 70
-0.127843 -2.92808 0.76671 1.04904e-005 5.72205e-006 70
0.260747 -2.98034 0.79858 2.09557e-005 1.33514e-005 70
-0.652117 2.94151 -0.806543 -2.38419e-006 9.53674e-006 70
0.126183 -2.89006 0.739252 9.05991e-006 1.52588e-005 70
0.51238 -2.90585 0.778619 2.14325e-005 5.72205e-006 70
0.906007 -2.87348 0.806543 3.29018e-005 2.47955e-005 70
0.372906 -2.8325 0.707242 3.95775e-005 -3.8147e-006 70
0.753574 -2.81237 0.753572 5.14984e-005 1.14441e-005 70
1.13694 -2.74481 0.789258 -4.29153e-006 9.53674e-006 70
0.611085 -2.75643 0.671037 6.19888e-006 7.62939e-006 70
0.98317 -2.70124 0.723794 1.90735e-005 9.53674e-006 70
1.35333 -2.59971 0.76671 2.81334e-005 1.90735e-005 70
0.839617 -2.66292 0.630987 4.43459e-005 0 70
1.20017 -2.57378 0.689642 -1.52588e-005 9.53674e-006 70
1.55431 -2.43978 0.739253 -3.33786e-006 1.90735e-006 70
1.05751 -2.55306 0.587441 7.15256e-006 7.62939e-006 70
1.40373 -2.43132 0.651471 1.90735e-005 7.62939e-006 70
1.73919 -2.26656 0.707243 2.90871e-005 1.71661e-005 70
1.26389 -2.4279 0.540736 3.95775e-005 -1.90735e-006 70
1.59309 -2.27517 0.609629 5.43091e-005 9.53674e-006 70
1.90743 -2.08159 0.671037 -4.29153e-006 5.72205e-006 70
1.45796 -2.28854 0.491207 4.76837e-006 1.14441e-005 70
1.76765 -2.1066 0.564462 1.81198e-005 7.62939e-006 70
2.05859 -1.88635 0.630988 -3.67165e-005 0 70
1.63903 -2.13602 0.439176 3.09944e-005 0 70
1.92687 -1.92687 0.516305 -2.37818e-005 5.72205e-006 70
2.19236 -1.68226 0.587441 -1.00136e-005 5.72205e-006 70
1.80647 -1.97141 0.38496 -1.43051e-006 9.53674e-006 70
2.07033 -1.73721 0.465484 1.13182e-005 3.8147e-006 70
2.30851 -1.47068 0.540737 1.95503e-005 1.33514e-005 70
1.95971 -1.79575 0.328867 2.90871e-005 0 70
2.19764 -1.5388 0.412321 4.29153e-005 1.14441e-005 70
2.4069 -1.25295 0.491208 -1.57356e-005 7.62939e-006 70
2.09827 -1.61006 0.271197 6.1512e-005 -5.72205e-006 70
2.30852 -1.33282 0.357129 8.58307e-006 1.14441e-005 70
2.48745 -1.03033 0.439177 1.66893e-005 1.52588e-005 70
2.22168 -1.41536 0.212249 3.09944e-005 0 70
2.40271 -1.1204 0.300211 -2.37915e-005 1.90735e-006 70
2.55015 -0.80406 0.38496 -1.19209e-005 7.62939e-006 70
2.32953 -1.21268 0.15231 -1.19209e-005 9.53674e-006 70
2.48002 -0.902654 0.241866 3.61334e-006 7.62939e-006 70
2.59504 -0.575305 0.328867 1.4782e-005 9.53674e-006 70
2.42146 -1.003 0.0916666 1.95503e-005 3.8147e-006 70
2.5403 -0.680671 0.182385 3.51349e-005 1.52588e-005 70
2.62218 -0.345215 0.271198 4.33922e-005 2.09808e-005 70
2.49714 -0.787344 0.0306012 5.48363e-005 -7.62939e-006 70
2.58344 -0.45553 0.122059 1.95769e-006 5.72205e-006 70
2.63171 -0.114902 0.21225 1.19209e-005 1.71661e-005 70
2.55626 -0.566709 -0.030603 2.19345e-005 -3.8147e-006 70
2.60935 -0.228287 0.0611694 3.52608e-005 1.14441e-005 70
2.62377 0.114556 0.152311 -2.00272e-005 5.72205e-006 70
2.59855 -0.342107 -0.0916673 -9.53674e-006 1.33514e-005 70
2.61799 0 0 1.25211e-006 9.53674e-006 70
2.59855 0.342107 0.0916671 1.14441e-005 1.33514e-005 70
2.62377 -0.114556 -0.152311 2.28882e-005 3.8147e-006 70
2.60935 0.22829 -0.06117 3.38554e-005 1.52588e-005 70
2.55626 0.566709 0.0306028 -2.0504e-005 -1.90735e-006 70
2.63171 0.114902 -0.21225 -1.09673e-005 1.33514e-005 70
2.58344 0.45553 -0.122059 1.90735e-006 7.62939e-006 70
2.49714 0.787346 -0.0306022 1.09673e-005 1.71661e-005 70
2.62218 0.345218 -0.271198 2.43187e-005 3.8147e-006 70
2.5403 0.680671 -0.182385 -3.12196e-005 1.52588e-005 70
2.42146 1.003 -0.0916666 -1.7643e-005 0 70
2.59504 0.575305 -0.328867 -9.05991e-006 5.72205e-006 70
2.48002 0.902654 -0.241866 0 9.53674e-006 70
2.32953 1.21268 -0.15231 1.4782e-005 1.90735e-005 70
2.55015 0.80406 -0.38496 2.43187e-005 0 70
2.40271 1.1204 -0.300211 3.62396e-005 7.62939e-006 70
2.22168 1.41536 -0.212249 -2.14577e-005 3.8147e-006 70
2.48745 1.03033 -0.439177 -1.00136e-005 1.14441e-005 70
2.30852 1.33282 -0.357129 3.8147e-006 1.33514e-005 70
2.09827 1.61006 -0.271198 4.76837e-006 1.14441e-005 70
2.4069 1.25295 -0.491207 2.0504e-005 0 70
2.19764 1.53881 -0.412322 3.34289e-005 5.72205e-006 70
1.95971 1.79575 -0.328866 -2.00272e-005 1.90735e-006 70
2.30851 1.47068 -0.540737 -9.53674e-006 1.33514e-005 70
2.07033 1.73721 -0.465485 1.90735e-006 7.62939e-006 70
1.80647 1.97141 -0.38496 1.19209e-005 1.14441e-005 70
2.30193 1.76633 -0.405893 -1.90735e-005 1.33514e-005 70
2.03162 2.03162 -0.35823 1.64587e-005 9.53674e-006 70
1.73425 2.26012 -0.305795 7.15256e-006 7.62939e-006 70
2.15475 1.97447 -0.434624 2.38419e-006 7.62939e-006 70
1.8587 2.21512 -0.390585 -5.43725e-006 1.14441e-005 70
1.53914 2.41596 -0.341243 2.6226e-005 1.52588e-005 70
1.98978 2.17147 -0.460649 -2.0504e-005 1.33514e-005 70
1.67016 2.38524 -0.420583 1.23315e-005 1.52588e-005 70
1.33084 2.55651 -0.374687 3.33786e-006 -1.90735e-006 70
1.80768 2.35582 -0.483737 5.72205e-006 5.72205e-006 70
1.46686 2.54067 -0.447989 -8.58307e-006 9.53674e-006 70
1.11037 2.68066 -0.405893 -1.38283e-005 -3.8147e-006 70
1.60924 2.52601 -0.503667 1.71661e-005 3.8147e-006 70
1.24975 2.6801 -0.472575 1.43316e-005 1.14441e-005 70
0.878836 2.78731 -0.434624 3.33786e-006 5.72205e-006 70
1.39538 2.68051 -0.520222 1.90735e-006 3.8147e-006 70
1.01993 2.80224 -0.494111 -4.74187e-006 7.62939e-006 70
0.637467 2.87544 -0.460649 2.76566e-005 1.14441e-005 70
1.16718 2.81783 -0.533196 1.71661e-005 0 70
0.778618 2.90585 -0.512379 1.13911e-005 3.8147e-006 70
0.387591 2.94404 -0.483737 4.76837e-007 5.72205e-006 70
0.925883 2.93653 -0.5424 -2.86102e-006 7.62939e-006 70
0.52717 2.98972 -0.527169 -1.14441e-005 7.62939e-006 70
0.130644 2.99221 -0.503667 -1.85966e-005 -3.8147e-006 70
-0.666423 -3.00605 0.5424 1.81198e-005 1.90735e-006 70
0.26708 3.05274 -0.538281 1.04772e-005 7.62939e-006 70
-0.131816 3.01908 -0.520221 2.38419e-006 1.14441e-005 70
-0.398106 -3.02391 0.533197 -4.29153e-006 9.53674e-006 70
2.0849e-006 -3.09386 0.545531 3.07289e-005 1.33514e-005 70
-0.398106 3.02391 -0.533197 2.09808e-005 1.33514e-005 70
-0.131815 -3.01908 0.520221 1.66893e-005 1.90735e-006 70
0.267081 -3.05274 0.538281 8.09298e-006 7.62939e-006 70
-0.666426 3.00605 -0.5424 4.76837e-007 1.90735e-006 70
0.130642 -2.99221 0.503667 -5.24521e-006 9.53674e-006 70
0.527168 -2.98972 0.527169 -1.71794e-005 5.72205e-006 70
0.925885 -2.93653 0.5424 2.0504e-005 9.53674e-006 70
0.387591 -2.94404 0.483737 1.14441e-005 1.90735e-006 70
0.778619 -2.90585 0.512379 6.67572e-006 9.53674e-006 70
1.16718 -2.81783 0.533196 -3.33786e-006 3.8147e-006 70
0.637468 -2.87544 0.460649 -1.14441e-005 3.8147e-006 70
1.01993 -2.80224 0.49411 3.5498e-005 9.53674e-006 70
1.39539 -2.68051 0.520222 1.28746e-005 1.52588e-005 70
0.878837 -2.78731 0.434624 1.66893e-005 0 70
1.24975 -2.6801 0.472574 7.6824e-006 1.52588e-005 70
1.60924 -2.52601 0.503666 -1.90735e-006 5.72205e-006 70
1.11036 -2.68066 0.405893 -1.09673e-005 7.62939e-006 70
1.46686 -2.54067 0.447989 -2.00802e-005 1.90735e-006 70
1.80769 -2.35582 0.483737 1.90735e-005 3.8147e-006 70
1.33084 -2.55651 0.374687 1.38283e-005 1.90735e-006 70
1.67016 -2.38524 0.420583 3.80145e-006 9.53674e-006 70
1.98978 -2.17147 0.460649 -4.76837e-006 3.8147e-006 70
1.53914 -2.41596 0.341243 -9.53674e-006 9.53674e-006 70
1.8587 -2.21512 0.390584 2.86367e-005 7.62939e-006 70
2.15475 -1.97446 0.434624 1.85966e-005 1.14441e-005 70
1.73425 -2.26012 0.305795 7.62939e-006 5.72205e-006 70
2.03162 -2.03162 0.35823 -6.65532e-007 7.62939e-006 70
2.30193 -1.76633 0.405892 3.33786e-005 1.90735e-005 70
1.91525 -2.09013 0.268583 -1.57356e-005 1.14441e-005 70
2.18818 -1.8361 0.323754 -2.3365e-005 1.14441e-005 70
2.4308 -1.54859 0.374687 1.4782e-005 7.62939e-006 70
2.08131 -1.90717 0.229842 8.10623e-006 -1.90735e-006 70
2.32773 -1.6299 0.287395 5.56342e-007 3.8147e-006 70
2.54091 -1.32272 0.341242 -9.05991e-006 3.8147e-006 70
2.23166 -1.71241 0.18981 3.14713e-005 -3.8147e-006 70
2.44973 -1.41435 0.249389 2.19875e-005 9.53674e-006 70
2.63197 -1.0902 0.305795 1.4782e-005 1.90735e-006 70
2.36563 -1.50707 0.148723 8.10623e-006 5.72205e-006 70
2.55371 -1.19082 0.209973 1.93385e-006 7.62939e-006 70
2.70373 -0.852479 0.268582 3.33786e-005 1.71661e-005 70
2.48261 -1.29236 0.106816 -1.66893e-005 1.33514e-005 70
2.63929 -0.960621 0.169383 1.52853e-005 7.62939e-006 70
2.75605 -0.611001 0.229842 1.09673e-005 7.62939e-006 70
2.58206 -1.06952 0.0643232 7.15256e-006 5.72205e-006 70
2.70616 -0.725113 0.127857 -4.79487e-006 5.72205e-006 70
2.78888 -0.367163 0.18981 -1.43051e-005 1.90735e-006 70
2.66352 -0.839804 0.0214795 2.00272e-005 1.90735e-006 70
2.75409 -0.485618 0.0856279 1.62257e-005 5.72205e-006 70
2.80223 -0.122348 0.148723 5.72205e-006 9.53674e-006 70
2.72658 -0.604469 -0.02148 4.76837e-007 0 70
2.78291 -0.243473 0.0429309 -5.477e-006 9.53674e-006 70
2.79618 0.122086 0.106815 2.71797e-005 7.62939e-006 70
2.77089 -0.364793 -0.0643235 2.57492e-005 0 70
2.79253 9.76521e-007 -1.72187e-007 1.64587e-005 7.62939e-006 70
2.77089 0.364796 0.0643231 8.10623e-006 7.62939e-006 70
2.79618 -0.122084 -0.106816 3.33786e-006 3.8147e-006 70
2.78291 0.243473 -0.0429308 -5.7088e-006 3.8147e-006 70
2.72658 0.60447 0.0214797 2.90871e-005 1.14441e-005 70
2.80223 0.122349 -0.148723 2.43187e-005 1.90735e-006 70
2.75409 0.485621 -0.0856281 1.5272e-005 5.72205e-006 70
2.66352 0.839805 -0.0214801 6.67572e-006 7.62939e-006 70
2.78888 0.367163 -0.18981 3.33786e-006 3.8147e-006 70
2.70616 0.725115 -0.127857 3.91271e-005 5.72205e-006 70
2.58206 1.06953 -0.0643231 2.52724e-005 1.33514e-005 70
2.75605 0.611003 -0.229843 2.14577e-005 0 70
2.63929 0.960623 -0.169384 1.91265e-005 5.72205e-006 70
2.48261 1.29236 -0.106816 6.67572e-006 9.53674e-006 70
2.70372 0.852481 -0.268583 5.72205e-006 7.62939e-006 70
2.55371 1.19081 -0.209973 -5.64254e-006 7.62939e-006 70
2.36563 1.50707 -0.148723 3.38554e-005 1.52588e-005 70
2.63197 1.0902 -0.305795 2.28882e-005 0 70
2.44973 1.41435 -0.249389 1.52853e-005 5.72205e-006 70
2.23166 1.71241 -0.18981 5.72205e-006 1.52588e-005 70
2.54091 1.32272 -0.341243 3.33786e-006 3.8147e-006 70
2.32773 1.6299 -0.287395 4.01073e-005 1.14441e-005 70
2.08131 1.90717 -0.229843 2.86102e-005 9.53674e-006 70
2.4308 1.54859 -0.374687 2.43187e-005 -1.90735e-006 70
2.18818 1.8361 -0.323754 1.62125e-005 9.53674e-006 70
1.91525 2.09013 -0.268583 6.19888e-006 9.53674e-006 70
2.40239 1.84342 -0.210181 1.40667e-005 1.90735e-006 70
2.13016 2.13016 -0.186365 1.62777e-005 1.04904e-005 70
1.82564 2.37922 -0.159723 1.74046e-005 1.04904e-005 70
2.24106 2.05355 -0.224286 2.38419e-006 2.86102e-006 70
1.94296 2.31553 -0.202582 4.43833e-006 5.72205e-006 70
1.61606 2.5367 -0.177777 6.19888e-006 5.72205e-006 70
2.06184 2.2501 -0.236838 1.23978e-005 9.53674e-007 70
1.74011 2.48514 -0.217421 1.5754e-005 6.67572e-006 70
1.39332 2.67655 -0.194638 1.4782e-005 1.14441e-005 70
1.86578 2.43153 -0.247731 1.66893e-006 5.72205e-006 70
1.52284 2.63764 -0.230763 3.96182e-006 6.67572e-006 70
1.15882 2.79764 -0.210182 5.48363e-006 5.72205e-006 70
1.65406 2.59636 -0.256866 1.19209e-005 1.90735e-006 70
1.2925 2.77177 -0.242498 1.73133e-005 7.62939e-006 70
0.914035 2.89895 -0.224286 1.57356e-005 9.53674e-006 70
1.428 2.74317 -0.264154 2.38419e-007 5.72205e-006 70
1.05055 2.88636 -0.252524 1.79701e-006 3.8147e-006 70
0.660553 2.97956 -0.236838 4.76837e-006 6.67572e-006 70
1.18906 2.87065 -0.269517 9.77516e-006 4.76837e-006 70
0.798578 2.98034 -0.260746 1.44155e-005 8.58307e-006 70
0.400045 3.03866 -0.247731 1.45435e-005 1.04904e-005 70
0.93883 2.97759 -0.272887 2.38419e-007 6.67572e-006 70
0.538281 3.05274 -0.26708 1.13692e-006 6.67572e-006 70
0.134281 3.07554 -0.256866 4.05312e-006 6.67572e-006 70
-0.675742 -3.04808 0.272887 1.04904e-005 2.86102e-006 70
0.271453 3.10274 -0.271454 1.3113e-005 5.72205e-006 70
-0.134899 3.08966 -0.264154 1.50204e-005 7.62939e-006 70
-0.405567 -3.08059 0.269516 -1.66893e-006 5.72205e-006 70
0 3.12964 -0.273807 3.3838e-007 1.04904e-005 70
-0.405567 3.08059 -0.269516 1.43051e-006 7.62939e-006 70
-0.134896 -3.08966 0.264154 9.53674e-006 9.53674e-007 70
0.271456 -3.10274 0.271454 1.13157e-005 5.72205e-006 70
-0.675745 3.04808 -0.272887 1.3113e-005 7.62939e-006 70
0.134281 -3.07554 0.256866 -1.90735e-006 7.62939e-006 70
0.538284 -3.05274 0.26708 2.36586e-005 4.76837e-006 70
0.93883 -2.97759 0.272887 2.14577e-006 5.72205e-006 70
0.400048 -3.03866 0.247731 8.10623e-006 1.90735e-006 70
0.798582 -2.98034 0.260746 1.00504e-005 7.62939e-006 70
1.18906 -2.87065 0.269517 1.16825e-005 8.58307e-006 70
0.660556 -2.97956 0.236838 2.07424e-005 -9.53674e-007 70
1.05055 -2.88636 0.252524 1.17436e-006 2.86102e-006 70
1.42801 -2.74317 0.264154 2.5034e-005 1.23978e-005 70
0.914038 -2.89895 0.224286 8.34465e-006 6.67572e-006 70
1.2925 -2.77177 0.242498 6.8951e-006 6.67572e-006 70
1.65406 -2.59636 0.256866 1.16825e-005 7.62939e-006 70
1.15882 -2.79764 0.210182 -3.33786e-006 5.72205e-006 70
1.52284 -2.63763 0.230763 2.18609e-005 7.62939e-006 70
1.86578 -2.43153 0.247731 1.43051e-006 4.76837e-006 70
1.39332 -2.67655 0.194638 6.67572e-006 5.72205e-006 70
1.74011 -2.48513 0.217421 1.02704e-005 6.67572e-006 70
2.06184 -2.2501 0.236838 1.19209e-005 9.53674e-006 70
1.61606 -2.5367 0.177777 1.7643e-005 -9.53674e-007 70
1.94296 -2.31553 0.202582 -1.81572e-006 5.72205e-006 70
2.24106 -2.05355 0.224286 2.26498e-005 1.14441e-005 70
1.82564 -2.37922 0.159723 5.48363e-006 3.8147e-006 70
2.13016 -2.13016 0.186364 7.58355e-006 1.04904e-005 70
2.40239 -1.84342 0.210181 8.34465e-006 8.58307e-006 70
2.02079 -2.2053 0.140606 1.66893e-005 0 70
2.3006 -1.93043 0.168891 1.94403e-005 7.62939e-006 70
2.54493 -1.6213 0.194638 -1.90735e-006 4.76837e-006 70
2.20032 -2.01622 0.120562 5.00679e-006 3.8147e-006 70
2.45329 -1.71781 0.150289 7.31742e-006 5.72205e-006 70
2.6679 -1.38882 0.177777 9.53674e-006 9.53674e-006 70
2.36317 -1.81332 0.0997283 1.66893e-005 2.86102e-006 70
2.58737 -1.49382 0.130692 -4.21797e-006 7.62939e-006 70
2.77066 -1.14764 0.159723 2.0504e-005 1.04904e-005 70
2.50835 -1.598 0.0782441 6.4373e-006 2.86102e-006 70
2.70208 -1.26 0.110235 8.25335e-006 7.62939e-006 70
2.85271 -0.899454 0.140606 1.0252e-005 1.04904e-005 70
2.63502 -1.3717 0.0562528 1.19209e-005 2.86102e-006 70
2.79679 -1.01794 0.0890586 1.31308e-005 5.72205e-006 70
2.91365 -0.645937 0.120562 1.85966e-005 1.14441e-005 70
2.74241 -1.13594 0.0338973 3.57628e-006 4.76837e-006 70
2.87098 -0.769276 0.067303 5.72205e-006 7.62939e-006 70
2.95322 -0.388798 0.0997285 5.96046e-006 9.53674e-006 70
2.82987 -0.892253 0.0113233 1.38283e-005 9.53674e-007 70
2.92426 -0.515625 0.0451113 1.66709e-005 8.58307e-006 70
2.9713 -0.129727 0.0782441 1.85966e-005 8.58307e-006 70
2.89687 -0.642221 -0.0113234 1.43051e-006 4.76837e-006 70
2.95635 -0.258647 0.0226286 4.52995e-006 6.67572e-006 70
2.96785 0.12958 0.0562527 6.67572e-006 5.72205e-006 70
2.94297 -0.387448 -0.0338975 1.38283e-005 1.90735e-006 70
2.96706 2.00435e-006 -1.75358e-007 1.62777e-005 1.04904e-005 70
2.94297 0.387451 0.0338972 1.74046e-005 1.14441e-005 70
2.96785 -0.129578 -0.0562527 2.6226e-006 3.8147e-006 70
2.95635 0.258647 -0.0226288 4.78676e-006 6.67572e-006 70
2.89687 0.642221 0.0113234 6.4373e-006 4.76837e-006 70
2.9713 0.129731 -0.0782446 1.38283e-005 9.53674e-007 70
2.92426 0.515628 -0.0451116 1.56988e-005 4.76837e-006 70
2.82987 0.892257 -0.0113236 1.50204e-005 1.04904e-005 70
2.95322 0.388802 -0.0997286 2.45571e-005 0 70
2.87098 0.769281 -0.0673032 2.71429e-005 8.58307e-006 70
2.74241 1.13595 -0.0338976 2.88486e-005 1.33514e-005 70
2.91365 0.645941 -0.120563 1.38283e-005 9.53674e-007 70
2.79679 1.01795 -0.0890589 1.67629e-005 9.53674e-006 70
2.63502 1.37171 -0.0562528 3.88622e-005 1.62125e-005 70
2.85271 0.899455 -0.140606 3.09944e-006 6.67572e-006 70
2.70207 1.26 -0.110236 2.81334e-005 7.62939e-006 70
2.50835 1.598 -0.0782441 6.4373e-006 7.62939e-006 70
2.77066 1.14765 -0.159723 1.14441e-005 9.53674e-007 70
2.58736 1.49382 -0.130692 4.00543e-005 7.62939e-006 70
2.36317 1.81332 -0.0997285 1.78814e-005 9.53674e-006 70
2.6679 1.38882 -0.177777 2.52724e-005 0 70
2.45329 1.71781 -0.150289 5.02518e-006 6.67572e-006 70
2.20032 2.01623 -0.120563 2.7895e-005 1.14441e-005 70
2.54493 1.6213 -0.194638 -9.29832e-006 5.72205e-006 70
2.3006 1.93043 -0.168891 1.67261e-005 1.04904e-005 70
2.02079 2.2053 -0.140606 -4.52995e-006 3.8147e-006 70
